1341846313.592026 0.000000000 0.000000000 0.000000000 0.000000000 0.000000000 0.000000000 1.000000000
1341846313.654184 0.004082267 -0.001117607 -0.004051680 -0.000883592 -0.002944554 0.004970305 0.999982893
1341846313.686156 0.014573318 -0.000702052 0.000719586 0.000018532 -0.005734329 0.004793521 0.999972045
1341846313.721918 0.019714182 0.001568416 -0.002610081 0.000301989 -0.006536671 0.005524223 0.999963343
1341846313.753994 0.027904149 0.003716070 0.000680959 0.000063888 -0.007511719 0.006728305 0.999949157
1341846313.789969 0.034425195 0.001210424 0.000644926 0.000759805 -0.008194976 0.005237485 0.999952435
1341846313.822075 0.049524322 0.008278373 0.002239249 0.001598171 -0.008543153 0.004482969 0.999952197
1341846313.853928 0.057536073 0.005463447 0.006032607 0.000799022 -0.006614111 0.003614389 0.999971271
1341846313.890011 0.057837963 0.009838125 -0.000487435 0.000976068 -0.004056983 0.004004211 0.999983251
1341846313.922055 0.064928293 0.016561978 -0.000414427 -0.000243471 -0.004239812 0.005363776 0.999976575
1341846313.957927 0.096160538 0.011795673 -0.000194502 -0.003009524 -0.003694458 0.006628523 0.999966681
1341846313.990058 0.086454690 0.010920290 0.001814007 -0.004304554 0.005340288 0.007448836 0.999948740
1341846314.022042 0.089248300 0.019547176 -0.003848164 -0.005700230 0.007349356 0.009356029 0.999912977
1341846314.057816 0.107556224 0.015232625 0.005732422 -0.009616823 0.007886709 0.012255495 0.999847531
1341846314.089801 0.110791214 0.013209770 0.010880434 -0.008818689 0.013647381 0.010278726 0.999815106
1341846314.122037 0.107486442 0.028837020 0.009563996 -0.008261293 0.018441636 0.013954036 0.999698400
1341846314.157989 0.125962526 0.015924061 0.006742911 -0.012277493 0.019771945 0.015220808 0.999613225
1341846314.190094 0.131409153 0.021180723 0.013627963 -0.011362296 0.023749188 0.016215809 0.999521852
1341846314.225969 0.134146839 0.029992471 0.010055897 -0.012957519 0.025718544 0.019568689 0.999393642
1341846314.257923 0.134998605 0.020438006 0.017481126 -0.015907379 0.028370803 0.019032130 0.999289632
1341846314.290052 0.138932988 0.018399334 0.014483056 -0.014907962 0.029829348 0.017400179 0.999292314
1341846314.325981 0.146084353 0.026040180 0.012546072 -0.014974878 0.030754212 0.016429568 0.999279737
1341846314.357905 0.159990370 0.018718222 0.023566145 -0.016696893 0.032563668 0.015598132 0.999208450
1341846314.389899 0.157363102 0.015766621 0.020357903 -0.015494565 0.036313947 0.014125966 0.999120474
1341846314.427905 0.170538157 0.022886101 0.011963213 -0.014871448 0.037136961 0.013180631 0.999112606
1341846314.493987 0.181881547 0.019345714 0.016772555 -0.013792211 0.046544138 0.005674793 0.998804867
1341846314.526085 0.187957466 0.020944376 0.008610793 -0.013679823 0.048453566 0.004655715 0.998720884
1341846314.558292 0.195878893 0.019913869 0.014731128 -0.015084703 0.051106110 0.004930209 0.998567104
1341846314.594085 0.208029270 0.015232516 0.015325031 -0.014114584 0.054891657 0.004652065 0.998381674
1341846314.626096 0.210529700 0.021170400 0.007328785 -0.013186820 0.059022140 0.006346656 0.998149395
1341846314.658455 0.207415521 0.023402687 0.007920750 -0.014752790 0.062204611 0.004139959 0.997945786
1341846314.694004 0.224803269 0.014182761 0.013347619 -0.015535877 0.064610258 0.002314849 0.997786939
1341846314.725910 0.221605644 0.004119665 0.017639469 -0.012501810 0.068390414 0.006808727 0.997557044
1341846314.761942 0.219374523 0.010800089 0.012345853 -0.007907747 0.069528811 0.010528559 0.997493029
1341846314.794030 0.230740041 0.013526928 0.010868236 -0.004577148 0.071026102 0.012212102 0.997389197
1341846314.826092 0.242028251 0.017254421 0.005454237 -0.002078484 0.074382834 0.012775826 0.997145712
1341846314.862145 0.255058974 0.020339273 0.001613846 -0.001978616 0.076940499 0.014896320 0.996922433
1341846314.894072 0.267817348 0.019323068 0.005602430 -0.002610144 0.079805888 0.017517386 0.996653080
1341846314.925969 0.266331553 0.017576581 0.000713703 -0.002755577 0.083362080 0.021563532 0.996282160
1341846314.961937 0.274534583 0.029857265 0.000731227 -0.004665162 0.083056688 0.026465463 0.996182382
1341846314.994564 0.277736157 0.027692540 0.004447965 -0.008182516 0.084164999 0.024536330 0.996116102
1341846315.029900 0.291936994 0.026346480 0.004644481 -0.008481192 0.086548999 0.021250714 0.995984793
1341846315.061965 0.294232965 0.023445215 0.014527374 -0.009629219 0.089008912 0.027059030 0.995616674
1341846315.094388 0.295124292 0.021185657 0.022068957 -0.009627799 0.088572770 0.026702562 0.995665193
1341846315.129851 0.305446714 0.020215275 0.011774505 -0.007816470 0.088028930 0.025626348 0.995757580
1341846315.161941 0.308999062 0.047384553 -0.000577803 -0.007478614 0.087451875 0.030814718 0.995663941
1341846315.197984 0.304003567 0.044615202 0.004417802 -0.014441052 0.086389355 0.025313599 0.995835066
1341846315.230076 0.317704827 0.029555451 -0.002367449 -0.019576050 0.084391512 0.022611391 0.995983720
1341846315.262069 0.326281548 0.030448100 0.006938759 -0.022843860 0.081074536 0.027083272 0.996078134
1341846315.298000 0.327517718 0.031399865 0.024625666 -0.023989286 0.077432416 0.027704796 0.996323824
1341846315.329931 0.338401556 0.014145662 0.025110887 -0.022380542 0.075330578 0.028354812 0.996504068
1341846315.361981 0.346639305 0.020279208 0.018445045 -0.016385769 0.073982194 0.031684052 0.996621430
1341846315.397962 0.350389659 0.024020070 0.021373009 -0.012979330 0.074369587 0.034836106 0.996537566
1341846315.429923 0.362918973 0.022419663 0.013937871 -0.010844448 0.075190246 0.036742426 0.996433020
1341846315.466047 0.378322572 0.033153962 0.012279587 -0.008790116 0.077488557 0.039083607 0.996188104
1341846315.497883 0.373572320 0.030807603 0.013523717 -0.010116576 0.081425086 0.043417949 0.995681882
1341846315.530008 0.371948242 0.030422840 0.013672491 -0.010125135 0.083393969 0.043632183 0.995509505
1341846315.566108 0.376801252 0.031180115 0.013497852 -0.011128076 0.084311783 0.045375608 0.995343506
1341846315.597986 0.376597732 0.029345360 0.014505249 -0.011338378 0.085885026 0.044365723 0.995252192
1341846315.630109 0.379664868 0.028761582 0.017741745 -0.011384735 0.086826302 0.042997349 0.995230079
1341846315.666042 0.381783307 0.034024585 0.006971880 -0.011721063 0.088282458 0.042698916 0.995110869
1341846315.698114 0.392599463 0.043050397 0.000117835 -0.015747257 0.090138860 0.041711979 0.994930744
1341846315.733985 0.376770049 0.025212267 0.014151677 -0.020655308 0.095082738 0.042562466 0.994344592
1341846315.766041 0.371777713 0.031575143 0.017631579 -0.019356564 0.093168922 0.043504413 0.994511127
1341846315.798188 0.373999685 0.026628748 0.016459081 -0.021025080 0.092364773 0.041966952 0.994618297
1341846315.834140 0.373151392 0.020907007 0.016585900 -0.020538826 0.094543777 0.040760521 0.994473875
1341846315.866751 0.368485123 0.019688416 0.016827814 -0.018358981 0.096448496 0.039974928 0.994365513
1341846315.898492 0.367931098 0.018073419 0.017438803 -0.017368054 0.096625946 0.040152505 0.994358897
1341846315.936901 0.362983376 0.011454499 0.016071543 -0.015191741 0.098754920 0.038373116 0.994255662
1341846315.966572 0.353776276 0.013041729 0.016280258 -0.011650241 0.100882486 0.037787117 0.994112253
1341846316.034204 0.337085277 0.011766632 0.015338521 -0.007613497 0.101777494 0.035157427 0.994156539
1341846316.066113 0.326817662 0.007845467 0.015281838 -0.005676351 0.102511458 0.034919608 0.994102478
1341846316.101867 0.324026912 0.016804663 0.014904731 -0.003369754 0.100512452 0.036545198 0.994258642
1341846316.134066 0.314684898 0.021866100 0.016312025 -0.003195319 0.098029695 0.033632703 0.994609892
1341846316.202049 0.298253477 0.013475590 0.021815151 -0.003554410 0.094184384 0.030035548 0.995095253
1341846316.233979 0.293500811 0.015672831 0.008981575 -0.002719021 0.092972286 0.028078577 0.995269001
1341846316.270052 0.290352553 0.011540701 0.014046975 -0.004876292 0.093898505 0.024180928 0.995276153
1341846316.301915 0.288915336 0.004619234 0.018829765 -0.005256751 0.094283402 0.023893489 0.995244741
1341846316.334208 0.282790542 0.005736368 0.025684809 -0.003587854 0.093652003 0.025716364 0.995266318
1341846316.370006 0.273163587 0.001782815 0.017726403 -0.001775253 0.092888147 0.025431693 0.995350122
1341846316.401994 0.262190938 0.007405518 0.021462193 0.000834413 0.093166478 0.026870513 0.995287538
1341846316.438069 0.259916872 0.000726726 0.023162991 0.002356439 0.092368968 0.029341169 0.995289683
1341846316.470076 0.252190530 -0.002134378 0.024312470 0.006500569 0.091761284 0.032315098 0.995235324
1341846316.502034 0.236683562 0.011488451 0.003690512 0.009888778 0.089889579 0.033109900 0.995352089
1341846316.537975 0.227828711 0.009886228 0.006902087 0.007026818 0.087455049 0.030542871 0.995675325
1341846316.570121 0.217485458 -0.002631383 0.008053453 0.005700335 0.088001117 0.027231371 0.995731771
1341846316.601885 0.213995039 -0.004434882 0.008931879 0.007653682 0.087008730 0.026647452 0.995821714
1341846316.638009 0.210026190 -0.002996927 0.007206637 0.010317299 0.085323624 0.028613849 0.995888889
1341846316.669925 0.199478194 -0.007151288 0.012364121 0.012222633 0.085454017 0.027339665 0.995891929
1341846316.705941 0.198607311 -0.012013225 0.005384114 0.016036168 0.084942006 0.028634196 0.995845258
1341846316.738062 0.180768102 -0.003179448 -0.000796299 0.019164840 0.085592404 0.031166667 0.995658219
1341846316.770433 0.172328934 0.000834364 0.000610015 0.018679045 0.084915400 0.030898739 0.995733798
1341846316.805932 0.165134102 -0.007236967 0.005698650 0.018603861 0.085262574 0.029879244 0.995736599
1341846316.838029 0.159195289 -0.004311591 0.007081932 0.020125784 0.083363853 0.032426771 0.995788097
1341846316.870034 0.141477793 -0.012986437 0.009199764 0.019723929 0.081154913 0.032393239 0.995979667
1341846316.906344 0.138626471 -0.011679308 0.005792283 0.020935731 0.077481508 0.031601548 0.996272862
1341846316.937940 0.134530142 -0.010367568 0.001748871 0.020823296 0.076143228 0.028620860 0.996468484
1341846316.973994 0.124906316 -0.007703081 0.004152782 0.020512646 0.074658722 0.029275222 0.996568263
1341846317.005913 0.118305758 -0.011066629 0.008209405 0.019108173 0.071836598 0.029878009 0.996785641
1341846317.037936 0.111889184 -0.011805344 0.013035279 0.019761141 0.069270015 0.028698137 0.996989250
1341846317.073972 0.112532787 -0.017347764 0.010176635 0.020242546 0.066784747 0.030573113 0.997093439
1341846317.106113 0.098726608 -0.018865077 0.015659029 0.022525860 0.066062428 0.034031957 0.996980548
1341846317.137887 0.092443347 -0.015432783 0.007877815 0.026042348 0.059862580 0.037109144 0.997176588
1341846317.173970 0.089950182 -0.009769324 0.021108909 0.027830157 0.052534942 0.039317098 0.997456610
1341846317.205887 0.074658498 -0.014561243 0.010235189 0.027360143 0.050634708 0.040461138 0.997522175
1341846317.248131 0.067106038 -0.016950591 0.007991555 0.028747309 0.047782741 0.042838603 0.997524559
1341846317.306289 0.053062584 -0.014682920 0.010646721 0.030279748 0.042126331 0.045952972 0.997595549
1341846317.348137 0.055335484 -0.017752087 0.011321706 0.031166775 0.042396367 0.047452513 0.997486532
1341846317.410120 0.037529722 -0.010298525 0.016725505 0.033694834 0.042334963 0.053127240 0.997120798
1341846317.442569 0.034334574 -0.022738779 0.012421915 0.035184707 0.042504918 0.055700783 0.996921659
1341846317.474010 0.031267628 -0.019864120 0.020659219 0.041397694 0.042622305 0.058812756 0.996499181
1341846317.509927 0.009505320 -0.010320995 0.015926326 0.045009095 0.041985448 0.062634155 0.996136725
1341846317.542282 0.002717320 -0.010073586 0.016347766 0.043950759 0.039254494 0.062287483 0.996317029
1341846317.573943 0.000116655 -0.018032711 0.014833824 0.042897765 0.040168170 0.060524851 0.996435165
1341846317.610159 -0.006903560 -0.021780059 0.022992786 0.045321975 0.042207159 0.060947582 0.996217787
1341846317.643553 -0.021018069 -0.016449558 0.020712718 0.048270587 0.042154521 0.064213850 0.995876253
1341846317.677993 -0.030717265 -0.017303415 0.031236008 0.049159594 0.039149128 0.066809975 0.995784700
1341846317.709996 -0.038918108 -0.022069683 0.021543242 0.051082656 0.036634132 0.066208303 0.995823741
1341846317.741834 -0.052722238 -0.007771556 0.025715539 0.052566376 0.036296763 0.064629681 0.995862603
1341846317.777923 -0.060198504 -0.011025735 0.028465679 0.050462291 0.035211843 0.063954741 0.996053994
1341846317.810021 -0.066524491 -0.016295692 0.026694927 0.049713045 0.033714306 0.063191146 0.996192157
1341846317.841886 -0.074379541 -0.008074663 0.027729020 0.049762294 0.032735698 0.061205849 0.996346295
1341846317.878017 -0.082583010 -0.009621989 0.024759319 0.047077354 0.032659121 0.056905523 0.996734083
1341846317.909910 -0.082120828 -0.015961565 0.021229962 0.045562964 0.032951903 0.053408414 0.996988297
1341846317.946031 -0.095615402 -0.018159911 0.027921125 0.046856675 0.034617059 0.055407815 0.996762812
1341846317.978041 -0.104974031 -0.020913996 0.034728944 0.048772655 0.033521652 0.055051260 0.996728063
1341846318.009897 -0.107705936 -0.014603758 0.039077692 0.051778834 0.033679120 0.052995477 0.996682584
1341846318.045949 -0.118365146 -0.009968746 0.036947712 0.052380003 0.034940779 0.051638138 0.996679008
1341846318.078074 -0.134257898 -0.013879605 0.037420962 0.051152267 0.034241389 0.050050672 0.996847987
1341846318.109894 -0.138325974 -0.011079050 0.039939474 0.051343910 0.029608877 0.048652545 0.997055709
1341846318.145957 -0.145967856 -0.013226583 0.025764113 0.050121497 0.027323972 0.045161270 0.997347355
1341846318.178001 -0.151870355 -0.015825734 0.030603481 0.049323145 0.027585987 0.042551696 0.997494638
1341846318.214074 -0.168013051 -0.025612520 0.019372148 0.049275689 0.026282748 0.041538060 0.997574925
1341846318.245970 -0.177971810 -0.033230945 0.017057387 0.051499899 0.020778429 0.042689022 0.997543812
1341846318.278018 -0.181775361 -0.029717995 0.013098355 0.055838723 0.015503665 0.043570291 0.997368217
1341846318.313937 -0.193327412 -0.028233478 0.026304454 0.057789035 0.010449158 0.043245733 0.997336984
1341846318.345989 -0.193159953 -0.027423678 0.033466734 0.059630070 0.000000368 0.042114362 0.997331798
1341846318.382046 -0.204341739 -0.028074829 0.039397996 0.061526854 -0.006059126 0.040424943 0.997268021
1341846318.414072 -0.218216732 -0.029334135 0.030950733 0.062801845 -0.011747939 0.040927581 0.997117281
1341846318.446035 -0.227807537 -0.033396274 0.025443494 0.064752147 -0.017916007 0.041230816 0.996888220
1341846318.482196 -0.236435801 -0.028594749 0.023392297 0.066391356 -0.019708784 0.040158823 0.996790349
1341846318.514144 -0.240020290 -0.029527904 0.027878780 0.066473298 -0.021539131 0.041973475 0.996672213
1341846318.546259 -0.246045083 -0.036890309 0.031344477 0.067396410 -0.022804184 0.041379709 0.996606946
1341846318.582042 -0.258824527 -0.031447913 0.026300868 0.069174558 -0.022169031 0.040608820 0.996531129
1341846318.614115 -0.264443398 -0.029700140 0.026997492 0.069001243 -0.022806795 0.040463910 0.996534646
1341846318.650038 -0.273037434 -0.027470101 0.023913700 0.068909727 -0.023584051 0.036757484 0.996666491
1341846318.682350 -0.285665095 -0.026896097 0.024597827 0.068568356 -0.023418546 0.034631040 0.996770084
1341846318.714063 -0.289185196 -0.027442543 0.031538296 0.068066604 -0.024969559 0.034783922 0.996761501
1341846318.749905 -0.296491444 -0.031578060 0.026945591 0.068751618 -0.024929043 0.036859151 0.996640921
1341846318.782036 -0.312339723 -0.030550713 0.023207456 0.070454471 -0.025044814 0.038045753 0.996474504
1341846318.814121 -0.323269814 -0.032555569 0.021253316 0.070191331 -0.030220021 0.037043259 0.996387303
1341846318.850072 -0.331205219 -0.040161453 0.016983548 0.069911875 -0.036126435 0.034792751 0.996291459
1341846318.883516 -0.342856348 -0.051318243 0.005334080 0.071790084 -0.042518474 0.033581123 0.995947063
1341846318.918047 -0.349540025 -0.036442924 0.001228469 0.076428868 -0.056851007 0.030224789 0.994993985
1341846318.950044 -0.367864937 -0.043264989 0.012214171 0.077939302 -0.064036734 0.029385028 0.994465351
1341846318.982028 -0.374842346 -0.045935076 0.009966497 0.079011247 -0.067754172 0.026891863 0.994204938
1341846319.018123 -0.383470029 -0.042725097 0.014033865 0.078843825 -0.073393926 0.026363354 0.993831933
1341846319.050745 -0.382981092 -0.048162859 0.023936667 0.080178514 -0.080402456 0.025075013 0.993216038
1341846319.081905 -0.382336497 -0.043435428 0.013212419 0.086036004 -0.080747284 0.022937868 0.992749512
1341846319.117976 -0.406813562 -0.038188241 0.003059470 0.088562079 -0.078929365 0.028652463 0.992525041
1341846319.150093 -0.409917474 -0.039170407 0.011691039 0.090587825 -0.083866730 0.035637639 0.991710722
1341846319.186069 -0.402555913 -0.024001228 0.017132131 0.093198948 -0.085902043 0.035934709 0.991283774
1341846319.218149 -0.409583956 -0.012050846 0.001524197 0.090419307 -0.080223545 0.033474173 0.992102861
1341846319.250034 -0.420530647 -0.015822263 0.008403898 0.084035218 -0.073612086 0.033166170 0.993186474
1341846319.286594 -0.428680003 -0.028608443 0.011278015 0.081181996 -0.070821352 0.037383795 0.993476868
1341846319.318034 -0.429995835 -0.027067473 0.011564404 0.082058839 -0.070864782 0.041261084 0.993248224
1341846319.350268 -0.443494081 -0.030264780 0.016229147 0.082724467 -0.070125654 0.047831506 0.992950737
1341846319.386163 -0.466071784 -0.033806771 0.022445900 0.084087573 -0.074271969 0.055152029 0.992154837
1341846319.418386 -0.467477381 -0.030184412 0.009444185 0.085595906 -0.079455018 0.054631993 0.991652966
1341846319.453961 -0.469753087 -0.028503433 0.010936711 0.086178631 -0.081339180 0.050985839 0.991643906
1341846319.486271 -0.481039762 -0.027303653 0.004809735 0.084966779 -0.081373833 0.050961033 0.991746902
1341846319.554083 -0.502236485 -0.029049788 0.021992732 0.080167055 -0.087355033 0.048909109 0.991741061
1341846319.586296 -0.509210527 -0.029286625 0.019156761 0.080615588 -0.087020554 0.045469161 0.991897702
1341846319.622031 -0.527266979 -0.028163970 0.000659925 0.079207979 -0.089510627 0.042412940 0.991924942
1341846319.653962 -0.531292856 -0.037619054 0.012812795 0.077888303 -0.095056303 0.041786008 0.991540015
1341846319.686352 -0.539139152 -0.037579078 0.011937848 0.079690404 -0.098734230 0.043573704 0.990960300
1341846319.721992 -0.547173619 -0.032356583 0.000185783 0.080726206 -0.102470197 0.043878142 0.990483642
1341846319.754063 -0.551603556 -0.018855045 -0.002066092 0.078480318 -0.104871906 0.043312322 0.990437686
1341846319.786397 -0.553944468 -0.019515853 0.010677503 0.074231602 -0.105185412 0.047144026 0.990556955
1341846319.822008 -0.562783301 -0.020381846 0.008806732 0.070584528 -0.105765931 0.051606525 0.990539312
1341846319.853917 -0.564336836 -0.021112649 0.006472384 0.065457910 -0.107044518 0.055765856 0.990528643
1341846319.889942 -0.570703447 -0.031659525 0.018760109 0.061830468 -0.107532822 0.060505390 0.990430593
1341846319.922039 -0.582163513 -0.041104283 0.009796422 0.060762048 -0.111298181 0.062089115 0.989982665
1341846319.953946 -0.573567927 -0.041419927 0.021508856 0.061568733 -0.118552662 0.058520667 0.989307761
1341846319.990054 -0.576586306 -0.041037496 0.013463811 0.064257845 -0.121011347 0.051360641 0.989236712
1341846320.028122 -0.581050456 -0.041939475 0.004772264 0.066144608 -0.124124832 0.051076178 0.988741219
1341846320.090047 -0.562000215 -0.029654972 0.019482877 0.072323926 -0.132968396 0.051461715 0.987137437
1341846320.122011 -0.559155464 -0.028128026 0.015437212 0.073108353 -0.130425498 0.052177656 0.987381339
1341846320.157952 -0.549913824 -0.030945472 0.021866379 0.073190898 -0.127943069 0.052701823 0.987672150
1341846320.190003 -0.530287206 -0.034371447 0.024872610 0.076038890 -0.125558347 0.050731570 0.987866163
1341846320.221941 -0.525138021 -0.035483461 0.032582253 0.080126598 -0.122111835 0.051871415 0.987915933
1341846320.258015 -0.518725455 -0.040833451 0.026344337 0.083592243 -0.121200800 0.054725282 0.987586915
1341846320.289887 -0.510415971 -0.047587331 0.037771057 0.088629767 -0.122124672 0.055223677 0.987005889
1341846320.321954 -0.495231986 -0.046118572 0.026960829 0.098065734 -0.123543993 0.054668665 0.985967219
1341846320.357890 -0.477886260 -0.034271307 0.047488831 0.103895470 -0.124216579 0.056799408 0.985164881
1341846320.390064 -0.461168379 -0.040017679 0.024704330 0.104585633 -0.120083228 0.056447845 0.985624433
1341846320.426544 -0.452246636 -0.036355276 0.066346750 0.108138256 -0.112979233 0.052497923 0.986299038
1341846320.458122 -0.442708135 -0.040066354 0.051341344 0.108445823 -0.105681024 0.050289012 0.987188935
1341846320.490186 -0.416865706 -0.044412080 0.046464391 0.111326754 -0.099570200 0.050711643 0.987481892
1341846320.525911 -0.394756436 -0.041880913 0.017637275 0.114915878 -0.091739558 0.048148751 0.987957418
1341846320.558091 -0.346458733 -0.037228841 0.008635278 0.115744025 -0.089881644 0.044642910 0.988196135
1341846320.594093 -0.382182896 -0.040726598 0.036164641 0.117681548 -0.082823001 0.040508036 0.988762081
1341846320.631955 -0.371297032 -0.039489906 0.032392047 0.120147415 -0.075121559 0.039616484 0.989116728
1341846320.664916 -0.373059452 -0.033155367 0.051941704 0.120613202 -0.072555773 0.038385954 0.989300072
1341846320.699927 -0.342292219 -0.041254163 0.039717164 0.119988568 -0.069990970 0.036912024 0.989616811
1341846320.731822 -0.334366351 -0.036053337 0.016605273 0.122306824 -0.062594399 0.035265934 0.989888489
1341846320.763877 -0.340522468 -0.013457699 0.024245886 0.121118538 -0.060888458 0.035202172 0.990143299
1341846320.799999 -0.315320551 -0.032597527 0.021665521 0.112830155 -0.063560873 0.031144712 0.991090000
1341846320.831871 -0.274574399 -0.036202889 -0.004667781 0.114732012 -0.052709676 0.027983343 0.991602302
1341846320.863887 -0.312212110 -0.018833658 0.019318217 0.114257470 -0.042777542 0.027417514 0.992151022
1341846320.900014 -0.302287310 -0.027911238 0.026417507 0.106727086 -0.048241217 0.032857221 0.992573678
1341846320.931889 -0.265846223 -0.040650420 0.036403403 0.107409827 -0.049622800 0.032573704 0.992441237
1341846320.967866 -0.268464684 -0.013414096 0.035712902 0.108324744 -0.043469418 0.028790139 0.992747366
1341846321.000017 -0.270251185 -0.022593673 0.028461371 0.101368599 -0.042797543 0.026848027 0.993565261
1341846321.031860 -0.251964957 -0.033392161 0.031519674 0.098892391 -0.042815808 0.025399823 0.993852079
1341846321.068047 -0.243586645 -0.026415039 0.027745310 0.099539943 -0.039161831 0.022565801 0.994006515
1341846321.099840 -0.241957560 -0.025674224 0.024339357 0.097282171 -0.037536580 0.023471599 0.994271696
1341846321.131821 -0.212714717 -0.039775174 0.030106416 0.096811287 -0.037250239 0.025402931 0.994280994
1341846321.167887 -0.205904126 -0.033189323 0.037062239 0.099844836 -0.033300150 0.025817905 0.994110465
1341846321.200042 -0.201628432 -0.027710995 0.038739622 0.100413583 -0.030647000 0.025457811 0.994147778
1341846321.231950 -0.191384494 -0.034469005 0.034490552 0.099465080 -0.029653218 0.023909347 0.994311690
1341846321.267939 -0.173987940 -0.027974349 0.035335880 0.100394011 -0.028126353 0.019293277 0.994363010
1341846321.299948 -0.166793346 -0.030971125 0.038189221 0.098974079 -0.023540804 0.013357082 0.994721889
1341846321.331858 -0.164765432 -0.035396170 0.045531809 0.098899074 -0.020332415 0.009121203 0.994847953
1341846321.367913 -0.143220559 -0.043297101 0.033394009 0.099803157 -0.018714465 0.006057852 0.994812787
1341846321.399897 -0.140252367 -0.038048081 0.030371880 0.102009118 -0.013134746 0.004380387 0.994687080
1341846321.435994 -0.137990922 -0.040701386 0.040749405 0.103494041 -0.009461202 0.003792136 0.994577825
1341846321.467946 -0.123409860 -0.041325815 0.042587124 0.105327569 -0.007625813 0.004648388 0.994397461
1341846321.499882 -0.111492790 -0.040135771 0.043807048 0.106799543 -0.004899652 0.004857794 0.994256616
1341846321.536109 -0.085579112 -0.031654567 0.024476329 0.106690787 -0.000643477 0.002072063 0.994289875
1341846321.568960 -0.096319251 -0.025298500 0.038465105 0.103963993 0.006978267 -0.001427869 0.994555593
1341846321.603938 -0.092060365 -0.032328006 0.038506653 0.100190192 0.009558010 -0.000710214 0.994922161
1341846321.637163 -0.064348064 -0.028266067 0.009667399 0.097602867 0.013767320 -0.000780555 0.995129883
1341846321.668306 -0.080743968 -0.025027215 0.038763884 0.093471594 0.024531215 0.001549311 0.995318472
1341846321.704411 -0.095077381 -0.028974650 0.046283562 0.089948386 0.026818981 0.008920580 0.995545328
1341846321.736861 -0.085621625 -0.028870469 0.046391662 0.088888347 0.024295820 0.017213237 0.995596468
1341846321.771881 -0.070390977 -0.013983921 0.040245108 0.087095127 0.023738984 0.021846024 0.995677471
1341846321.804114 -0.061622452 -0.018798862 0.045652673 0.082551084 0.025910364 0.025279991 0.995929182
1341846321.836152 -0.062397655 -0.012733405 0.047603521 0.079941988 0.028706796 0.025430260 0.996061504
1341846321.871882 -0.056006078 -0.002222463 0.051467765 0.075429335 0.029298268 0.023246361 0.996449530
1341846321.904074 -0.046635386 -0.007470209 0.052122153 0.068533733 0.030103413 0.020581605 0.996982098
1341846321.939847 -0.042875610 -0.011609425 0.058409084 0.064434908 0.033161294 0.017370550 0.997219503
1341846322.004094 -0.048545428 -0.016916098 0.059583269 0.057352316 0.031531088 0.016813016 0.997714341
1341846322.066178 -0.029903576 -0.022512190 0.063501626 0.052503753 0.035513006 0.014341131 0.997886062
1341846322.107979 -0.035751130 -0.040387221 0.062925018 0.049441174 0.038106319 0.012653347 0.997969627
1341846322.166164 -0.034289028 -0.063048251 0.060399864 0.052164156 0.037482340 0.013232767 0.997847140
1341846322.202932 -0.033307854 -0.067205824 0.056560833 0.053514015 0.035236381 0.013201455 0.997857928
1341846322.234093 -0.031698436 -0.068807609 0.053102549 0.052615520 0.033630431 0.011224112 0.997985303
1341846322.265941 -0.035717078 -0.075554453 0.052886732 0.050287295 0.031140337 0.011311161 0.998185098
1341846322.301996 -0.025137765 -0.090264365 0.054386094 0.048309579 0.028696138 0.011725448 0.998351276
1341846322.333949 -0.034846887 -0.104235172 0.050407112 0.047311626 0.027209999 0.012114087 0.998436034
1341846322.369871 -0.027885037 -0.120252021 0.055559091 0.047862045 0.021852480 0.008511923 0.998578608
1341846322.402292 -0.012109075 -0.134908378 0.055102929 0.049367383 0.022252109 0.002429822 0.998529792
1341846322.433955 -0.028916728 -0.154598668 0.059600305 0.054347273 0.025274292 -0.001808402 0.998200536
1341846322.470030 -0.021315403 -0.158654869 0.061863154 0.063427471 0.020061318 0.002464541 0.997781754
1341846322.502433 -0.014878068 -0.175037891 0.061074678 0.068620987 0.016879871 0.005193120 0.997486472
1341846322.534002 -0.008197088 -0.190230802 0.067981966 0.077449284 0.016210949 0.005907143 0.996846974
1341846322.570196 -0.013046487 -0.195881620 0.061976925 0.086988680 0.016563816 0.007562878 0.996042848
1341846322.601920 -0.019301467 -0.200137988 0.050067749 0.092800155 0.013778279 0.010681637 0.995532095
1341846322.638119 -0.003542754 -0.221831858 0.062746726 0.097282521 0.009587477 0.012301074 0.995134592
1341846322.669947 0.007021695 -0.222398058 0.061154228 0.102618389 0.012219535 0.011258903 0.994581997
1341846322.702026 -0.005170356 -0.239217877 0.061753102 0.104674496 0.014756599 0.013277881 0.994308412
1341846322.738006 0.001783381 -0.238767043 0.055797972 0.106324755 0.011480647 0.015018201 0.994151771
1341846322.770087 0.007878067 -0.259006917 0.065756559 0.105990194 0.012114928 0.014351180 0.994189799
1341846322.806047 -0.000875396 -0.274594694 0.070468403 0.108880170 0.012392219 0.016845662 0.993834913
1341846322.838063 -0.005915168 -0.274627507 0.067943215 0.111469522 0.008389032 0.018153554 0.993566573
1341846322.870081 0.000514881 -0.290351599 0.075634927 0.113290682 0.003055496 0.018909369 0.993377209
1341846322.906018 0.014607977 -0.293846637 0.081906237 0.118409954 0.000748830 0.019182364 0.992779195
1341846322.938349 0.011959816 -0.278011024 0.080323853 0.119838990 0.001992763 0.020157738 0.992586672
1341846322.970069 0.011405042 -0.283608884 0.080430046 0.114998296 0.001573709 0.022044174 0.993119836
1341846323.011820 0.015254454 -0.296213686 0.089553379 0.112473704 0.001741189 0.022643723 0.993395090
1341846323.073951 0.013611184 -0.298903793 0.088724867 0.109574623 0.001723544 0.027052224 0.993608892
1341846323.105962 0.018021557 -0.317284524 0.085772581 0.106204413 0.001485443 0.027248843 0.993969738
1341846323.138158 0.016089367 -0.317272156 0.090668961 0.107092172 0.001603237 0.023591915 0.993967831
1341846323.174092 0.013102354 -0.322736174 0.082580775 0.104710415 0.001525411 0.022189116 0.994253993
1341846323.206059 0.020464450 -0.327629149 0.084587678 0.101951227 0.000610163 0.019260244 0.994602740
1341846323.238053 0.027980706 -0.333788842 0.086698167 0.099085718 0.003307391 0.018077461 0.994909108
1341846323.273997 0.007310866 -0.327721119 0.081427343 0.095702998 0.004538022 0.018774565 0.995222449
1341846323.305946 0.013765896 -0.345313579 0.083523549 0.089457661 0.000389298 0.019560238 0.995798409
1341846323.342027 0.043027490 -0.356727272 0.093548857 0.087631822 0.000120857 0.018482577 0.995981395
1341846323.374048 0.018079519 -0.360093772 0.095693350 0.088375002 0.005133521 0.018145362 0.995908737
1341846323.405987 0.003168636 -0.372566462 0.086835839 0.088126011 0.001816193 0.023215905 0.995837092
1341846323.441956 0.022856411 -0.384700924 0.092893660 0.089017183 -0.003397076 0.025670959 0.995693445
1341846323.473878 0.027645288 -0.396428049 0.089022592 0.092872843 -0.002182295 0.024118176 0.995383441
1341846323.506129 0.023363335 -0.389505506 0.091338009 0.095814772 -0.002176793 0.021794818 0.995158136
1341846323.541972 0.028397178 -0.385769427 0.087854281 0.094991162 -0.002608145 0.019323520 0.995287120
1341846323.573913 0.051844861 -0.405459553 0.084206983 0.093505457 0.000260552 0.014347810 0.995515347
1341846323.609927 0.036462106 -0.405840516 0.084594749 0.094090179 0.007503157 0.010994300 0.995474696
1341846323.642014 0.020304877 -0.413997471 0.084796146 0.093109675 0.010058993 0.011208751 0.995541990
1341846323.674081 0.020468062 -0.425923407 0.084061794 0.092759475 0.008206609 0.013917209 0.995557487
1341846323.710069 0.022213999 -0.446647376 0.076337650 0.093824685 0.006835859 0.018044736 0.995401740
1341846323.742111 0.022035364 -0.455814958 0.082090653 0.098432392 0.004820457 0.018390622 0.994962156
1341846323.774928 0.024856627 -0.452869236 0.076917633 0.101995371 0.002403614 0.016069463 0.994652152
1341846323.810012 0.024277736 -0.454388142 0.082277007 0.104043201 0.001456525 0.011680955 0.994503140
1341846323.842207 0.026017534 -0.458748788 0.076072484 0.105226286 0.001401123 0.007137620 0.994421721
1341846323.878019 0.019809408 -0.470225543 0.075939611 0.105847038 0.001041825 0.002288509 0.994379282
1341846323.909826 0.024066715 -0.485581249 0.072422646 0.108617656 -0.000939593 -0.001198493 0.994082451
1341846323.942459 0.021223649 -0.483430803 0.069437884 0.112586439 -0.000924396 -0.001395857 0.993640482
1341846323.978055 0.012532583 -0.488736719 0.071559638 0.114850625 -0.003289698 0.000200644 0.993377328
1341846324.015934 0.021966975 -0.488421410 0.069729760 0.118822321 -0.005909820 -0.000123541 0.992897928
1341846324.047722 0.025130874 -0.482264191 0.069956347 0.122427553 -0.004577255 -0.001327567 0.992466033
1341846324.083904 0.023526108 -0.467656732 0.063155115 0.123130441 -0.002848526 -0.001470958 0.992385328
1341846324.115968 0.027213916 -0.467620373 0.062649958 0.120462529 -0.001364787 -0.003229890 0.992711663
1341846324.151967 0.033320889 -0.462640464 0.063785657 0.120055504 0.001157565 -0.007879636 0.992735207
1341846324.183941 0.026181461 -0.448249131 0.068472221 0.117483675 0.005738137 -0.011295907 0.992993951
1341846324.219984 0.024039434 -0.448219091 0.069990873 0.112986721 0.007468485 -0.010483494 0.993513107
1341846324.251968 0.017818654 -0.447001696 0.074135005 0.112485662 0.007769616 -0.010855065 0.993563712
1341846324.284052 0.013864890 -0.433315009 0.075865224 0.113355778 0.007320907 -0.011734450 0.993458211
1341846324.319880 0.007270774 -0.420734107 0.072743759 0.112175822 0.004128415 -0.012590625 0.993600070
1341846324.351917 0.013522802 -0.401908278 0.072677813 0.109178461 0.000439820 -0.013794273 0.993926346
1341846324.388001 0.021733822 -0.392155528 0.075608261 0.104776457 0.000182164 -0.017555391 0.994340837
1341846324.419908 0.015970774 -0.375965267 0.082429551 0.100426927 0.002680885 -0.019913116 0.994741499
1341846324.452027 0.012538724 -0.380507708 0.086400308 0.095352039 0.002991768 -0.019544117 0.995247245
1341846324.487928 0.010369826 -0.375235826 0.085359432 0.093742870 0.002588467 -0.017593240 0.995437622
1341846324.519985 -0.000579177 -0.365065157 0.087280095 0.092658557 0.001107611 -0.013249754 0.995609164
1341846324.556001 0.001267823 -0.347501099 0.089040220 0.091155089 -0.004129539 -0.008799863 0.995789289
1341846324.587888 0.005476411 -0.335330069 0.091944784 0.087826073 -0.007500625 -0.006491942 0.996086419
1341846324.620086 0.004851394 -0.331236511 0.091973759 0.085390419 -0.009945708 -0.009217651 0.996255279
1341846324.655955 0.010437423 -0.316198736 0.094134644 0.084424034 -0.011373580 -0.009892014 0.996315897
1341846324.688082 0.006571531 -0.314812750 0.096276470 0.083556987 -0.010938883 -0.008999699 0.996402323
1341846324.755922 -0.012741783 -0.278258145 0.098910056 0.085448362 -0.013295461 -0.005821795 0.996236861
1341846324.814016 0.008043357 -0.240685999 0.090801224 0.080849156 -0.020102892 -0.008607999 0.996486425
1341846324.849979 -0.003105042 -0.233638659 0.103839360 0.075040512 -0.016297005 -0.011338096 0.996982872
1341846324.881924 -0.011046550 -0.229276612 0.106478885 0.072047800 -0.017237347 -0.011406124 0.997187018
1341846324.913902 -0.006188949 -0.221069217 0.105865948 0.070996612 -0.018938126 -0.008476418 0.997260749
1341846324.949999 -0.007782913 -0.226133764 0.107662581 0.070924424 -0.019040402 -0.005186932 0.997286499
1341846324.981922 -0.018780710 -0.218285441 0.111421674 0.075472899 -0.020921068 -0.001494504 0.996927261
1341846325.018013 -0.019823376 -0.206055999 0.111445174 0.079930231 -0.026043680 0.000288357 0.996460140
1341846325.050079 -0.023227777 -0.190570697 0.105384298 0.081992850 -0.030943105 -0.000713833 0.996152222
1341846325.081901 -0.022209078 -0.171742812 0.109572276 0.081511654 -0.036387451 -0.002570531 0.996004581
1341846325.118531 -0.009122977 -0.156264067 0.097770043 0.077505469 -0.038532414 -0.004976692 0.996234596
1341846325.149933 -0.011387948 -0.158018962 0.101677135 0.071381494 -0.036119290 -0.006475730 0.996773899
1341846325.181925 -0.014820714 -0.152808681 0.102391787 0.068023041 -0.034861114 -0.004187161 0.997065723
1341846325.218055 -0.015965555 -0.144920051 0.107220836 0.065464929 -0.034688160 0.000169072 0.997251749
1341846325.249811 -0.017944267 -0.138101310 0.107374869 0.063259766 -0.034811098 0.004097900 0.997381389
1341846325.285925 -0.015381689 -0.127224863 0.106236257 0.060874019 -0.035415757 0.008044195 0.997484505
1341846325.317988 -0.002997598 -0.131142735 0.111755230 0.058066234 -0.033855446 0.011070549 0.997677088
1341846325.349844 -0.008254184 -0.137188017 0.114465654 0.060438640 -0.028619269 0.012869228 0.997678578
1341846325.387302 -0.008818568 -0.121880613 0.115516856 0.065573320 -0.025909584 0.015762039 0.997386813
1341846325.417931 0.010632866 -0.116008393 0.123624295 0.068137683 -0.022393491 0.019118665 0.997241378
1341846325.450747 0.020228371 -0.122566126 0.126397729 0.072297782 -0.015123223 0.021144947 0.997044206
1341846325.485954 -0.002781345 -0.104966074 0.129702702 0.081018426 -0.006325251 0.023207907 0.996422291
1341846325.517875 -0.003502696 -0.097090505 0.126474738 0.084525757 -0.003678509 0.025287021 0.996093571
1341846325.553859 -0.007747358 -0.086512588 0.128422588 0.088577911 0.000421010 0.023875726 0.995782971
1341846325.585855 -0.014500619 -0.068012103 0.130854830 0.091451608 0.003723614 0.022258900 0.995553792
1341846325.617990 -0.012964609 -0.046987206 0.128187761 0.088908337 0.005050533 0.021695597 0.995790720
1341846325.653982 -0.019550918 -0.066923887 0.128599674 0.084754162 0.007550474 0.018385431 0.996203661
1341846325.685819 -0.022458162 -0.062938914 0.135593250 0.090471938 0.009022923 0.020070089 0.995655894
1341846325.717857 -0.026125740 -0.049958788 0.139737591 0.095023252 0.010094390 0.027069079 0.995055735
1341846325.754083 -0.029880572 -0.050230380 0.138805851 0.097735219 0.010522804 0.030568749 0.994687200
1341846325.786087 -0.025468014 -0.040480584 0.138979673 0.104703128 0.010612909 0.031933293 0.993934035
1341846325.821856 -0.027059162 -0.022823041 0.135190517 0.108597189 0.012561260 0.033407919 0.993444920
1341846325.853827 -0.034744222 -0.018559976 0.141924664 0.109089449 0.013411270 0.037136283 0.993247449
1341846325.885958 -0.046847485 -0.004148902 0.137437120 0.109927364 0.011418077 0.042459399 0.992966652
1341846325.921984 -0.036953837 -0.002066008 0.144889250 0.108755343 0.006860148 0.046714161 0.992946625
1341846325.953899 -0.025649177 0.003020047 0.148430616 0.111929327 0.006592698 0.049017906 0.992484570
1341846325.985823 -0.032453105 0.017614262 0.155483931 0.115007758 0.009768753 0.052933246 0.991905153
1341846326.021991 -0.036581866 0.017911378 0.151045814 0.117603593 0.010328632 0.058313195 0.991293252
1341846326.054055 -0.029780647 0.029197745 0.154292390 0.122484200 0.008975415 0.062046818 0.990488350
1341846326.089984 -0.026420923 0.047165953 0.154893890 0.125463843 0.010822521 0.060977522 0.990163326
1341846326.121822 -0.026782317 0.058024939 0.158056557 0.125103235 0.014763353 0.059030857 0.990276039
1341846326.154079 -0.032601457 0.056850381 0.164069146 0.125109464 0.017532432 0.057436448 0.990323782
1341846326.190178 -0.038190383 0.072455764 0.165414989 0.128187224 0.017303588 0.059729666 0.989798427
1341846326.222162 -0.040191408 0.089101195 0.156665310 0.127645537 0.015598067 0.065872185 0.989507020
1341846326.259181 -0.041874059 0.100930147 0.163791865 0.124420621 0.013030445 0.069658078 0.989695668
1341846326.322766 -0.037310354 0.123554237 0.171043769 0.117340736 0.012436148 0.068420947 0.990653872
1341846326.359773 -0.036167737 0.126798689 0.170682639 0.113008521 0.013886265 0.066857725 0.991244853
1341846326.392109 -0.032930840 0.118372418 0.174474150 0.110839970 0.015647689 0.067636900 0.991410553
1341846326.423985 -0.036828492 0.127877399 0.176101029 0.115768485 0.016655393 0.072373763 0.990495980
1341846326.459869 -0.040779572 0.143670663 0.182201475 0.117920965 0.014081654 0.076678023 0.989957988
1341846326.526163 -0.030871689 0.178825408 0.185989946 0.118777893 0.015485833 0.075291261 0.989941001
1341846326.560211 -0.033437982 0.185527936 0.199417979 0.113584161 0.019436348 0.075113863 0.990494192
1341846326.591828 -0.034603965 0.189178288 0.197228819 0.110095672 0.021604164 0.076683633 0.990722895
1341846326.627027 -0.031043952 0.201019093 0.194850758 0.110050015 0.022919977 0.075604104 0.990781307
1341846326.658442 -0.030210864 0.218785107 0.195717052 0.108248830 0.026599137 0.075099282 0.990926206
1341846326.694856 -0.041331779 0.230969027 0.200595766 0.104651622 0.031072864 0.074846394 0.991201580
1341846326.726206 -0.039857429 0.246714473 0.202433378 0.099561431 0.031925805 0.072327703 0.991885543
1341846326.762753 -0.033384550 0.256743044 0.194894403 0.093236603 0.033811949 0.070111811 0.992596626
1341846326.826821 -0.036196541 0.291780531 0.204651445 0.078442886 0.039764363 0.066122361 0.993928194
1341846326.858887 -0.041214652 0.292497694 0.211730808 0.069569968 0.041743934 0.065095559 0.994575262
1341846326.895360 -0.046244998 0.295446128 0.215157121 0.067332193 0.041289512 0.067238681 0.994605660
1341846326.926897 -0.044730268 0.293280572 0.224888444 0.069141880 0.036995880 0.068996862 0.994530141
1341846326.958888 -0.038434882 0.307635158 0.220996454 0.071964234 0.034417119 0.071707062 0.994230688
1341846326.994594 -0.035539377 0.325163424 0.217445239 0.073340148 0.034610201 0.072819091 0.994042635
1341846327.026301 -0.035970040 0.337446809 0.217575505 0.071268834 0.036101595 0.071595982 0.994229078
1341846327.063945 -0.029832039 0.338387579 0.222175673 0.067451686 0.037892230 0.070223376 0.994526565
1341846327.094662 -0.031142868 0.347486675 0.225902542 0.067247555 0.040148035 0.068369731 0.994581044
1341846327.128901 -0.034018174 0.355693668 0.229882553 0.066290222 0.040495381 0.067363322 0.994699895
1341846327.161940 -0.032266777 0.369307727 0.229159027 0.065405563 0.039167553 0.066098213 0.994896472
1341846327.193867 -0.025377307 0.374467254 0.230478257 0.064327434 0.040172771 0.064677447 0.995020092
1341846327.229885 -0.023996098 0.389994740 0.233042628 0.065518141 0.043357227 0.062605180 0.994941235
1341846327.262014 -0.021641171 0.396221310 0.238135949 0.063803181 0.048261296 0.058698546 0.995065093
1341846327.294023 -0.019731466 0.406424701 0.239934206 0.067542054 0.060969766 0.053595830 0.994408488
1341846327.330015 -0.016851047 0.436674029 0.230659902 0.071714826 0.069641598 0.050282456 0.993719637
1341846327.361939 -0.020605834 0.442337751 0.239124224 0.067909315 0.075199425 0.045039929 0.993833363
1341846327.393887 -0.021406930 0.449337512 0.240826443 0.066404961 0.077057607 0.039607141 0.994024038
1341846327.429966 -0.039123591 0.474712908 0.236997530 0.065713234 0.078544222 0.039196085 0.993969917
1341846327.461965 -0.056803912 0.471175045 0.226499140 0.055339277 0.076633848 0.036471870 0.994854033
1341846327.497931 -0.025932563 0.487952024 0.257602036 0.051911864 0.071126938 0.036275197 0.995454788
1341846327.530068 -0.033636682 0.508571565 0.262323856 0.051735986 0.072865196 0.039898191 0.995199561
1341846327.561895 -0.036535710 0.516742945 0.271871716 0.049677122 0.070705742 0.044295453 0.995274246
1341846327.598010 -0.039705202 0.519578815 0.273867220 0.051197514 0.067500658 0.049508117 0.995174050
1341846327.629945 -0.043483272 0.530891776 0.273970902 0.050973918 0.062839381 0.048583895 0.995536268
1341846327.662003 -0.037647411 0.535419703 0.275989592 0.050911646 0.058587506 0.045333005 0.995952010
1341846327.697919 -0.043788627 0.557018936 0.276349187 0.054109700 0.058686625 0.045328293 0.995777786
1341846327.730075 -0.083246760 0.559783638 0.262341887 0.047270618 0.063938983 0.045641284 0.995788217
1341846327.766017 -0.044645600 0.586187124 0.278632402 0.045758240 0.056887817 0.047584988 0.996195555
1341846327.797917 -0.044610471 0.607835054 0.284019530 0.042370491 0.056480240 0.048949972 0.996302485
1341846327.830054 -0.049037971 0.605054736 0.285825610 0.033853143 0.056995302 0.048257418 0.996632695
1341846327.865944 -0.044389077 0.610256791 0.285136700 0.029446986 0.057618745 0.048417762 0.996729016
1341846327.898010 -0.049266346 0.628674448 0.289604455 0.027980508 0.058897875 0.050186340 0.996608973
1341846327.929991 -0.047418449 0.635272563 0.290961683 0.023699319 0.057128135 0.048431758 0.996909797
1341846327.966065 -0.047554009 0.647530437 0.290565252 0.019326339 0.057572030 0.045363639 0.997122884
1341846327.998073 -0.045632642 0.656992257 0.289858580 0.013023178 0.058015160 0.043124694 0.997298777
1341846328.034045 -0.046070196 0.654249966 0.289700121 0.006014316 0.058993720 0.040800896 0.997406065
1341846328.065993 -0.047884498 0.662627399 0.289074004 0.001362799 0.059719533 0.041822832 0.997337759
1341846328.098045 -0.050094116 0.642305851 0.295870304 -0.001662303 0.060850963 0.042176820 0.997253954
1341846328.133967 -0.051826280 0.643199742 0.291057616 0.001771953 0.059674833 0.046536673 0.997130930
1341846328.166023 -0.055695135 0.635502100 0.288694471 0.000589181 0.057218354 0.046492357 0.997278392
1341846328.198018 -0.058552563 0.617714465 0.287261635 -0.000969313 0.054734033 0.043968979 0.997531950
1341846328.234044 -0.055525821 0.612224996 0.280899048 0.002057755 0.052893061 0.043027785 0.997670650
1341846328.265899 -0.054032877 0.601585686 0.282429218 0.004073244 0.050728485 0.044123948 0.997728944
1341846328.302051 -0.053156920 0.585354090 0.274276584 0.006357814 0.050573006 0.044334810 0.997715592
1341846328.333917 -0.052985311 0.571274281 0.272069633 0.009512413 0.050563410 0.046914153 0.997573018
1341846328.366008 -0.048016865 0.556027651 0.273083389 0.015091316 0.049301155 0.044551726 0.997675717
1341846328.402010 -0.050584543 0.530455291 0.267922491 0.026068619 0.051920991 0.045585837 0.997269571
1341846328.433920 -0.048163690 0.518204749 0.255804271 0.030324783 0.049907561 0.047314458 0.997171521
1341846328.470003 -0.036540709 0.492768526 0.247692272 0.029228397 0.047209181 0.040207408 0.997647405
1341846328.502194 -0.038032331 0.460964352 0.250246316 0.029647820 0.050010558 0.031428259 0.997813702
1341846328.534033 -0.033032201 0.445526630 0.247909099 0.030920142 0.052242678 0.029077085 0.997732043
1341846328.570125 -0.037764348 0.420624077 0.250465155 0.032276068 0.053654030 0.029543059 0.997600496
1341846328.602804 -0.052090138 0.379842490 0.242900491 0.035064355 0.050915882 0.035705630 0.997448325
1341846328.672663 -0.038988017 0.352548003 0.240533873 0.046642821 0.036069676 0.032756954 0.997722626
1341846328.702975 -0.032023262 0.341324359 0.244051561 0.050147235 0.032196041 0.031628493 0.997721553
1341846328.770129 -0.021351771 0.311751187 0.229443148 0.058719985 0.028190114 0.026563877 0.997522771
1341846328.802331 -0.019217519 0.294664770 0.227305993 0.059149634 0.024886198 0.027346717 0.997564077
1341846328.838051 -0.013420252 0.276661575 0.224218369 0.062753797 0.022497805 0.024083257 0.997484744
1341846328.869939 -0.013043951 0.281252801 0.222426936 0.063763164 0.021237334 0.023879766 0.997453272
1341846328.904486 -0.014587122 0.262467027 0.220259324 0.058797956 0.018644288 0.023240561 0.997825146
1341846328.939814 -0.003720541 0.232322693 0.223663077 0.061037719 0.014807672 0.023040904 0.997759581
1341846328.970217 -0.003698065 0.229156211 0.217045411 0.065000363 0.013281988 0.025916947 0.997460186
1341846329.006232 0.004628941 0.215174139 0.214093074 0.065788902 0.009842467 0.031216344 0.997296572
1341846329.038243 0.005411423 0.199082047 0.214974985 0.069656946 0.009315274 0.030454841 0.997062504
1341846329.106125 0.007568774 0.197385937 0.206878304 0.073171832 0.009027854 0.029409075 0.996844769
1341846329.138340 0.007588468 0.177446246 0.207219318 0.073968872 0.008385913 0.027498318 0.996846080
1341846329.169991 0.010536730 0.178017303 0.200700819 0.076467916 0.006854076 0.027009839 0.996682525
1341846329.208656 0.013294428 0.169699684 0.201461136 0.076714143 0.005628299 0.026122440 0.996694982
1341846329.238169 0.009133335 0.165567905 0.192047283 0.075893193 0.005452072 0.025379112 0.996778011
1341846329.273827 0.009740509 0.149368808 0.184863716 0.073451400 0.004450784 0.026550878 0.996935368
1341846329.306052 0.008305070 0.146292850 0.181010768 0.074302040 0.002357922 0.024736969 0.996926129
1341846329.338104 0.013484297 0.147832602 0.178286493 0.071169727 0.000171039 0.023250168 0.997193217
1341846329.373907 0.013325841 0.125028208 0.180668116 0.067037046 -0.000606629 0.021710360 0.997514069
1341846329.405985 0.015452350 0.114951193 0.178861693 0.068282768 -0.002211256 0.018625466 0.997489691
1341846329.442057 0.014276559 0.111697771 0.177681506 0.067735836 -0.002452241 0.015182833 0.997584760
1341846329.473950 0.010377702 0.097497173 0.174856335 0.066310860 -0.003197119 0.008988056 0.997753382
1341846329.506147 0.011256667 0.091814339 0.168501899 0.066487730 -0.005372257 0.006858341 0.997749209
1341846329.542121 0.006911254 0.078142598 0.163767993 0.064179070 -0.007891300 0.006406904 0.997886658
1341846329.574086 0.017393816 0.059348214 0.160702646 0.065950088 -0.011159519 0.005984815 0.997742593
1341846329.606387 0.015993716 0.060400769 0.155547649 0.069152795 -0.011260799 0.004207965 0.997533619
1341846329.641955 0.011663206 0.057681009 0.156634405 0.069226325 -0.012179108 0.004345515 0.997517169
1341846329.681570 0.010486483 0.044921741 0.153420031 0.068179347 -0.015108604 0.004700624 0.997547626
1341846329.748113 0.016390100 0.040112317 0.155118480 0.070437066 -0.015535718 0.002043059 0.997393131
1341846329.810175 0.013488289 0.012446366 0.150168449 0.067759976 -0.011948830 0.006882928 0.997606337
1341846329.842255 0.013306409 0.004667071 0.148656905 0.069344275 -0.011927491 0.010154942 0.997469783
1341846329.874044 0.010216823 -0.002874070 0.149363130 0.071096003 -0.011634192 0.013479729 0.997310519
1341846329.910073 0.009711483 0.003292798 0.146791801 0.071702458 -0.012003652 0.015277609 0.997236848
1341846329.942009 0.007710842 0.003069038 0.147846490 0.067456648 -0.012360662 0.020422027 0.997436583
1341846329.978087 0.010421791 -0.023514707 0.144102722 0.064517796 -0.013056662 0.022300966 0.997581899
1341846330.016305 0.020415118 -0.014900648 0.146183267 0.066667661 -0.013082947 0.020361878 0.997481704
1341846330.048192 0.007710254 -0.006805506 0.139996305 0.063835204 -0.010391200 0.021298142 0.997679055
1341846330.080418 0.010151791 -0.030508205 0.140202090 0.058254931 -0.010884156 0.023782728 0.997959077
1341846330.115886 0.010212787 -0.043753672 0.143017426 0.061074317 -0.009245529 0.023704670 0.997808874
1341846330.147839 0.011230118 -0.031575181 0.134763122 0.063675344 -0.009537683 0.026271774 0.997579217
1341846330.181257 0.003014081 -0.015967211 0.131419197 0.060141064 -0.009101860 0.028791545 0.997733057
1341846330.215852 0.009709780 -0.033748858 0.135409325 0.052710012 -0.008884896 0.028880959 0.998152614
1341846330.247833 0.002276898 -0.038883325 0.135854349 0.051026296 -0.007845576 0.027731391 0.998281360
1341846330.283913 -0.001374457 -0.025253335 0.129381612 0.047985651 -0.008193700 0.028213819 0.998415828
1341846330.316011 0.004974981 -0.042206720 0.134432912 0.040614694 -0.009994065 0.027662108 0.998741925
1341846330.347868 -0.003017423 -0.050639153 0.133144155 0.038369518 -0.010723908 0.026791789 0.998846829
1341846330.383835 0.001944120 -0.051843908 0.134200156 0.036823105 -0.011572471 0.026842736 0.998894215
1341846330.415934 -0.000650543 -0.066313758 0.135537475 0.035874639 -0.010543073 0.025104260 0.998985291
1341846330.452561 -0.002078307 -0.068077117 0.132347748 0.038621869 -0.011091668 0.024124287 0.998901069
1341846330.483903 -0.001868613 -0.063964590 0.127594545 0.038621850 -0.013218910 0.027114667 0.998798490
1341846330.515970 -0.002617277 -0.074102171 0.127119318 0.036759149 -0.015449446 0.030442664 0.998740911
1341846330.552099 -0.001335159 -0.077031702 0.125024468 0.038127631 -0.016757013 0.032468297 0.998604715
1341846330.583876 -0.002477426 -0.065789796 0.124754302 0.038309824 -0.017157758 0.032958187 0.998574853
1341846330.619992 -0.010580596 -0.058992505 0.119106352 0.034045998 -0.017845573 0.031755336 0.998756289
1341846330.652136 -0.005441047 -0.066212542 0.116763994 0.027293697 -0.019838441 0.030579206 0.998962641
1341846330.683796 -0.009075892 -0.069457665 0.116482891 0.022594027 -0.019476442 0.029606732 0.999116421
1341846330.719991 -0.015324592 -0.086719938 0.106828772 0.019072527 -0.021360323 0.031174624 0.999103665
1341846330.752103 -0.018616011 -0.089080185 0.104285352 0.021086883 -0.025303768 0.034797736 0.998851478
1341846330.787952 -0.022885891 -0.081002302 0.100161225 0.022691978 -0.029874887 0.038746510 0.998544574
1341846330.819823 -0.020365871 -0.080417730 0.100376628 0.022430222 -0.034270857 0.039367881 0.998385012
1341846330.852208 -0.018855212 -0.073896065 0.094059534 0.022260617 -0.036073238 0.040486664 0.998280525
1341846330.914111 -0.021526312 -0.064432777 0.089558639 0.013129729 -0.039665706 0.040392809 0.998309910
1341846330.949903 -0.028263208 -0.074718080 0.084929280 0.009887828 -0.040026452 0.039811548 0.998356223
1341846330.981986 -0.033061255 -0.076603599 0.079059117 0.010436599 -0.044579122 0.040975999 0.998110592
1341846331.014111 -0.032480896 -0.067128859 0.083023131 0.010845889 -0.048580825 0.041099783 0.997914374
1341846331.082139 -0.035519999 -0.072296783 0.075286821 0.012397127 -0.051214442 0.037576608 0.997903526
1341846331.114334 -0.035506774 -0.068674870 0.068720162 0.012329950 -0.053463627 0.037523601 0.997788370
1341846331.149989 -0.034786344 -0.075345926 0.072259672 0.012498018 -0.054411493 0.035768241 0.997799516
1341846331.181954 -0.037271582 -0.075731568 0.067974664 0.015578249 -0.054659277 0.035175722 0.997763693
1341846331.218151 -0.044619288 -0.062577762 0.063533612 0.015953414 -0.057336092 0.035887707 0.997582138
1341846331.249914 -0.029881919 -0.071701802 0.070607863 0.013243825 -0.060383212 0.035515241 0.997455359
1341846331.318141 -0.025485067 -0.068261698 0.067627423 0.024064487 -0.050432552 0.030405216 0.997974455
1341846331.349926 -0.021910753 -0.067836829 0.064955749 0.022844493 -0.048219230 0.029672999 0.998134553
1341846331.382003 0.011135054 -0.087938681 0.077885292 0.024097959 -0.044167470 0.030714666 0.998261094
1341846331.418008 0.007043448 -0.076876871 0.100795493 0.031747106 -0.034125619 0.030883159 0.998435676
1341846331.450327 -0.015792308 -0.064083964 0.095390782 0.034799635 -0.026813470 0.028459447 0.998629093
1341846331.486219 -0.023282260 -0.060625479 0.099362746 0.034942172 -0.024287278 0.029574472 0.998656392
1341846331.518344 -0.011942800 -0.063241489 0.096830986 0.033547901 -0.024311237 0.028477024 0.998735487
1341846331.550202 -0.006095433 -0.071312271 0.107746780 0.035169050 -0.019978333 0.027511025 0.998802900
1341846331.586139 -0.014991664 -0.056432746 0.113287851 0.038348362 -0.018199660 0.028061079 0.998704553
1341846331.617931 -0.009506612 -0.056040015 0.120426558 0.037309937 -0.018525226 0.028273888 0.998731911
1341846331.654027 -0.003394697 -0.061536312 0.132398754 0.037487645 -0.016210539 0.028564114 0.998757243
1341846331.686123 -0.009738956 -0.053088959 0.135040745 0.040296432 -0.012999633 0.030461302 0.998638749
1341846331.717954 -0.017218906 -0.041815896 0.140318751 0.037713181 -0.013350986 0.029944101 0.998750627
1341846331.754076 -0.003783712 -0.053686559 0.155169129 0.034776729 -0.013773174 0.029196018 0.998873591
1341846331.785920 -0.003332809 -0.057871219 0.159642547 0.037121780 -0.010680471 0.027487401 0.998875558
1341846331.818053 -0.005413773 -0.042742807 0.175360873 0.038747538 -0.009102718 0.028248938 0.998808205
1341846331.853849 -0.004480470 -0.053932294 0.182623357 0.036575183 -0.008761717 0.027319124 0.998919010
1341846331.885987 0.003856846 -0.053697933 0.195364460 0.039644856 -0.006787043 0.025538916 0.998864353
1341846331.922014 0.000110885 -0.045979332 0.206767514 0.041761782 -0.003209862 0.024505734 0.998821855
1341846331.954037 0.006221121 -0.045230571 0.216546729 0.041592006 -0.000915024 0.025056485 0.998820007
1341846331.986135 0.010011337 -0.057256099 0.225482523 0.043206915 0.004803756 0.026285920 0.998708725
1341846332.022364 0.001099746 -0.059254505 0.244114488 0.050377678 0.010153878 0.026132699 0.998336673
1341846332.054175 -0.000852405 -0.051976897 0.257198513 0.056864448 0.010043025 0.028561706 0.997922778
1341846332.086502 0.001890787 -0.049909901 0.268501580 0.059569295 0.009992751 0.029910769 0.997725964
1341846332.122051 -0.000133075 -0.045422547 0.278551728 0.061466176 0.011233719 0.029162418 0.997619808
1341846332.153983 -0.007497161 -0.031932134 0.294747859 0.060424868 0.011247342 0.026489628 0.997757852
1341846332.190165 -0.008427914 -0.032117523 0.309441596 0.053915348 0.009579419 0.024020569 0.998210609
1341846332.254145 -0.005914896 -0.048192549 0.336878866 0.053245872 0.009628215 0.022478499 0.998282015
1341846332.289948 -0.010147281 -0.044352263 0.351494282 0.055442046 0.009681448 0.024640288 0.998110890
1341846332.322172 -0.006879952 -0.046233505 0.357656479 0.055950843 0.008873116 0.026395541 0.998045146
1341846332.354003 0.001590921 -0.049786594 0.364253491 0.058419492 0.010258549 0.024038654 0.997949958
1341846332.390180 0.001520107 -0.038550179 0.372107893 0.060517855 0.014615146 0.021226903 0.997834384
1341846332.422055 -0.004382581 -0.036204930 0.388545811 0.058532964 0.017414415 0.017526375 0.997979701
1341846332.458114 0.000502415 -0.040936753 0.396364003 0.057626843 0.019343201 0.013423383 0.998060584
1341846332.489993 -0.009805701 -0.034013823 0.412222028 0.059127916 0.021986291 0.015360555 0.997890055
1341846332.522130 -0.020108081 -0.031574234 0.424296498 0.058471855 0.019262772 0.021060152 0.997880995
1341846332.558114 -0.012882957 -0.031824205 0.434659928 0.058794674 0.012925805 0.027707586 0.997801781
1341846332.589874 -0.003695212 -0.021746453 0.427944869 0.059121400 0.009284892 0.032332573 0.997683883
1341846332.621889 -0.004944769 -0.018112369 0.439516485 0.054855723 0.009806504 0.034215968 0.997859716
1341846332.658202 -0.001639579 -0.023650123 0.447606087 0.050386131 0.010378717 0.031932123 0.998165250
1341846332.690001 0.002584696 -0.018085651 0.461339563 0.048814882 0.010803781 0.033355609 0.998192310
1341846332.726000 -0.002484837 -0.022683322 0.475621402 0.047586683 0.010503187 0.037537754 0.998106301
1341846332.758386 0.004483383 -0.020757731 0.476819068 0.048337281 0.007251015 0.039171748 0.998036325
1341846332.789937 0.011384330 -0.010500371 0.488036960 0.048511900 0.007997303 0.036908180 0.998108447
1341846332.825925 0.013231677 -0.010622092 0.499335170 0.046130020 0.010336886 0.035490341 0.998251259
1341846332.857898 0.016179310 -0.012340588 0.508708715 0.046873409 0.011295385 0.035809983 0.998194873
1341846332.894069 0.017121257 0.001271560 0.517636061 0.047594726 0.011174168 0.035810456 0.998162091
1341846332.926029 0.022602646 0.003507116 0.523785055 0.043939300 0.011303437 0.033265200 0.998416245
1341846332.958015 0.026254913 0.004311027 0.530392766 0.040969525 0.013498583 0.030917577 0.998590708
1341846332.994073 0.028005879 0.008059161 0.541986287 0.038174711 0.014498645 0.029539939 0.998729110
1341846333.026545 0.033217251 0.006597694 0.546347201 0.035342813 0.015348005 0.027657215 0.998874605
1341846333.057998 0.040416546 0.009920819 0.553708017 0.034699965 0.016935335 0.028066335 0.998860061
1341846333.094024 0.041620642 0.006616287 0.559464335 0.034422614 0.018671932 0.031810503 0.998726487
1341846333.126095 0.048651706 0.010828212 0.565771103 0.035172775 0.019749347 0.034408286 0.998593509
1341846333.161973 0.049134374 0.017850878 0.572911084 0.034425456 0.022972234 0.034787055 0.998537421
1341846333.195660 0.049653452 0.018811516 0.580409706 0.032247137 0.024880165 0.037179664 0.998478234
1341846333.226331 0.052187718 0.019190466 0.585472465 0.030641649 0.025397250 0.036272835 0.998549104
1341846333.262056 0.054656379 0.028136469 0.593781352 0.028390586 0.025811272 0.035219673 0.998642743
1341846333.294147 0.056176785 0.025531815 0.597548187 0.024886364 0.025231330 0.034128189 0.998788893
1341846333.326100 0.059404284 0.025109766 0.601965368 0.022992821 0.023899352 0.033144291 0.998900175
1341846333.362100 0.062383756 0.033205040 0.604737282 0.020154733 0.023172729 0.031038772 0.999046266
1341846333.394119 0.057192821 0.026458919 0.606870711 0.016406823 0.022916419 0.030526076 0.999136508
1341846333.429974 0.061380539 0.027063487 0.610314727 0.015586738 0.020719767 0.030609122 0.999195099
1341846333.462115 0.064180054 0.023193084 0.611279428 0.014571129 0.020794529 0.028936062 0.999258697
1341846333.494040 0.067083821 0.028197210 0.615251541 0.016601173 0.021240745 0.028264977 0.999236882
1341846333.529953 0.072105549 0.029468676 0.615931630 0.017732263 0.021935718 0.027945612 0.999211431
1341846333.562063 0.069416091 0.030831110 0.616776168 0.018506173 0.024565268 0.029601648 0.999088526
1341846333.594090 0.064379402 0.039181165 0.618569672 0.018121686 0.024276365 0.030553384 0.999073982
1341846333.629994 0.063543841 0.037147559 0.616806686 0.013775046 0.021832522 0.029431755 0.999233425
1341846333.662127 0.066573307 0.037304584 0.614204705 0.010842059 0.020315858 0.028803421 0.999319792
1341846333.697964 0.066431470 0.029564444 0.614983559 0.008500689 0.020489523 0.029652378 0.999314070
1341846333.730092 0.066171758 0.025916548 0.610824585 0.010439963 0.020936795 0.030692643 0.999255061
1341846333.762089 0.064770594 0.028979225 0.607319772 0.012472630 0.021799449 0.032039050 0.999171019
1341846333.798006 0.064545155 0.026100675 0.606164634 0.013570844 0.022176953 0.031872571 0.999153733
1341846333.830055 0.064683311 0.027466407 0.599400640 0.016524926 0.023362227 0.029672857 0.999149978
1341846333.866045 0.061810829 0.027911371 0.595378458 0.017712981 0.024810191 0.028533790 0.999127865
1341846333.897987 0.058018140 0.022045676 0.591462433 0.018498439 0.025276748 0.027784863 0.999123037
1341846333.930099 0.058691408 0.020316403 0.585440695 0.021582685 0.025895232 0.026133433 0.999089897
1341846333.965889 0.055144347 0.021098766 0.578443050 0.023839923 0.027193313 0.025939817 0.999009192
1341846333.997985 0.054661516 0.017387828 0.573127687 0.026560871 0.028200928 0.025260760 0.998929977
1341846334.030076 0.049692016 0.020353695 0.566742182 0.029998684 0.029760558 0.026382416 0.998758376
1341846334.066000 0.046625543 0.016102429 0.559869766 0.030903365 0.029631618 0.028087733 0.998688161
1341846334.097932 0.048365247 0.017089628 0.551874399 0.033019003 0.029289143 0.027692795 0.998641610
1341846334.133884 0.043217849 0.017611336 0.548016787 0.034598600 0.030532120 0.028150374 0.998538077
1341846334.166115 0.036105040 0.016562287 0.539078534 0.034705013 0.029813875 0.028415347 0.998548567
1341846334.198072 0.034729689 0.015523241 0.532450080 0.035200946 0.028302602 0.027446935 0.998602271
1341846334.234097 0.034963977 0.018452937 0.528436482 0.036122754 0.028661434 0.026374439 0.998588026
1341846334.266045 0.028477279 0.015577164 0.519084156 0.035900239 0.030848118 0.026928475 0.998516142
1341846334.297946 0.024000254 0.016924327 0.511663318 0.037387721 0.029428126 0.028405972 0.998463452
1341846334.334036 0.024065984 0.017718222 0.506629527 0.037666738 0.027435999 0.028707573 0.998501062
1341846334.365871 0.021611799 0.020007890 0.500646532 0.037447970 0.027600450 0.027651094 0.998534560
1341846334.401845 0.018655738 0.016607156 0.492655158 0.035813592 0.028620409 0.025862703 0.998613715
1341846334.433864 0.011661619 0.012977486 0.484004706 0.035667837 0.028018389 0.026592107 0.998616874
1341846334.466105 0.011150909 0.017770914 0.477059960 0.036943175 0.026253559 0.027289243 0.998599648
1341846334.502142 0.005529657 0.018466003 0.467988521 0.035709184 0.025317034 0.028154688 0.998644650
1341846334.540153 0.005129452 0.016746428 0.461182177 0.035025548 0.023775565 0.027081927 0.998736441
1341846334.602351 -0.004096813 0.024719624 0.438281387 0.030872652 0.020416941 0.020118281 0.999112248
1341846334.670161 -0.008919133 0.017894074 0.432585597 0.025304642 0.017649513 0.013846171 0.999428093
1341846334.702085 -0.018197864 0.012393053 0.417638987 0.023770897 0.016313648 0.012994174 0.999499857
1341846334.734751 -0.019984392 0.012959575 0.411353290 0.024054915 0.013787540 0.014684365 0.999507725
1341846334.770889 -0.023534078 0.011972841 0.399758458 0.023805814 0.012315773 0.017941289 0.999479711
1341846334.802194 -0.026433552 0.013099192 0.390452057 0.023625132 0.009624286 0.018247092 0.999508023
1341846334.833908 -0.026913552 0.014738945 0.381659091 0.023448169 0.008095261 0.016828565 0.999550641
1341846334.869874 -0.028956408 0.016958233 0.372161657 0.021901233 0.007674787 0.016881628 0.999588132
1341846334.902006 -0.036696054 0.012991612 0.361562937 0.019961320 0.006428351 0.017596763 0.999625206
1341846334.938010 -0.037144274 0.012013185 0.353828162 0.019632367 0.003057323 0.016639268 0.999664128
1341846334.970032 -0.034507360 0.011471178 0.347463548 0.019651474 0.001853479 0.015951144 0.999677896
1341846335.002203 -0.039925501 0.006948553 0.338386804 0.020824902 0.002703748 0.017008947 0.999634802
1341846335.037880 -0.045995586 0.007994729 0.322260141 0.023258010 -0.000251764 0.020259455 0.999524176
1341846335.069990 -0.042883396 0.010480924 0.314651519 0.023716938 -0.003469741 0.019482559 0.999522805
1341846335.106038 -0.042712044 0.009383827 0.305839598 0.024191692 -0.002284318 0.017614488 0.999549508
1341846335.138045 -0.049077291 0.008265496 0.297722608 0.025799835 -0.000903636 0.016943296 0.999523103
1341846335.169900 -0.052421149 0.011840177 0.277888596 0.026196696 -0.003449024 0.017038018 0.999505639
1341846335.206091 -0.051583715 0.012301152 0.270386517 0.025564976 -0.005470470 0.014772065 0.999549031
1341846335.239365 -0.049813259 0.005203256 0.262247145 0.024955558 -0.004528146 0.012389521 0.999601543
1341846335.269948 -0.052651051 0.003096461 0.251939982 0.026295599 -0.003325589 0.011332225 0.999584436
1341846335.305972 -0.060024865 0.003282035 0.240385950 0.028402328 -0.004304906 0.011998547 0.999515295
1341846335.338012 -0.055138003 0.002556939 0.232905746 0.029753886 -0.006266021 0.013725028 0.999443352
1341846335.374005 -0.050521344 -0.008605756 0.224783003 0.033158306 -0.005023276 0.014377008 0.999334037
1341846335.406025 -0.055826619 -0.004155609 0.214024156 0.040493280 -0.002063581 0.016584225 0.999040008
1341846335.438079 -0.057157930 0.004067780 0.201213896 0.046119396 -0.001164445 0.020041974 0.998734176
1341846335.473998 -0.057802860 0.008768176 0.193601310 0.048519522 0.000485826 0.020791085 0.998605669
1341846335.507038 -0.058870904 0.012739279 0.182890743 0.049859121 0.003226259 0.018430462 0.998580992
1341846335.538040 -0.064851254 0.017919151 0.176574960 0.049430881 0.005915629 0.016273085 0.998627424
1341846335.574119 -0.070808887 0.023473525 0.164989561 0.047402453 0.006008262 0.016873656 0.998715281
1341846335.605970 -0.068357781 0.014396032 0.157561675 0.044987302 0.004773807 0.016382806 0.998841763
1341846335.641978 -0.065408759 0.016979322 0.147091746 0.046418358 0.005736684 0.013690470 0.998811781
1341846335.673993 -0.071133137 0.019216364 0.135808557 0.046282239 0.006702942 0.013783621 0.998810828
1341846335.706178 -0.074594535 0.017044745 0.126609758 0.045531839 0.005571358 0.014439221 0.998842955
1341846335.741982 -0.069352984 0.017495239 0.113981195 0.046140485 0.004850370 0.013859443 0.998827040
1341846335.773960 -0.074720129 0.020615755 0.102456629 0.046172131 0.005651533 0.013428851 0.998827219
1341846335.806271 -0.075610399 0.024267802 0.088717818 0.044379447 0.005031679 0.013412626 0.998912036
1341846335.842031 -0.074356496 0.017332705 0.082019314 0.041683212 0.005764483 0.013842722 0.999018312
1341846335.873966 -0.074792340 0.016553814 0.068648905 0.042666901 0.007160401 0.012873159 0.998980761
1341846335.910005 -0.082828283 0.023601819 0.058341976 0.042783950 0.007548530 0.014388109 0.998952210
1341846335.941936 -0.085952230 0.023954265 0.048307233 0.041740891 0.005753187 0.015238701 0.998995662
1341846335.974198 -0.084108189 0.023327256 0.039405942 0.041515533 0.004556336 0.013064057 0.999042034
1341846336.010032 -0.088581868 0.024178566 0.027415155 0.041303132 0.004953094 0.011627758 0.999066710
1341846336.042129 -0.093212165 0.023570580 0.013924092 0.040311199 0.003778012 0.012314391 0.999104142
1341846336.078076 -0.095036626 0.021329341 0.008267872 0.040245011 0.001885089 0.011404462 0.999122977
1341846336.110739 -0.094560914 0.024322668 0.004511890 0.041030213 0.001489660 0.010122318 0.999105513
1341846336.142002 -0.101922072 0.023721281 -0.008991717 0.040728457 0.001852143 0.011296403 0.999104679
1341846336.183953 -0.107147172 0.026722062 -0.021111682 0.040479679 -0.000465694 0.012087950 0.999107122
1341846336.241891 -0.105722733 0.026964320 -0.031218728 0.038687311 -0.001414923 0.011034388 0.999189436
1341846336.277946 -0.113185078 0.021073584 -0.037481979 0.038709793 -0.000891166 0.013260667 0.999162138
1341846336.309977 -0.115854025 0.020874558 -0.046819646 0.041359700 -0.003390228 0.016149137 0.999008060
1341846336.346143 -0.118613854 0.026964042 -0.053928714 0.043618158 -0.004491159 0.016761020 0.998897612
1341846336.377975 -0.116691276 0.026099568 -0.059688762 0.044282515 -0.004527645 0.016302411 0.998875797
1341846336.410032 -0.119622700 0.028655095 -0.072002068 0.045234744 -0.003743369 0.016377727 0.998835087
1341846336.446041 -0.122185268 0.034437567 -0.083550870 0.045089033 -0.004263129 0.016763873 0.998833239
1341846336.477990 -0.122170970 0.031028043 -0.088214353 0.043886792 -0.004293811 0.015735563 0.998903394
1341846336.510056 -0.124149613 0.028771233 -0.092468739 0.044036280 -0.003586031 0.016494777 0.998887360
1341846336.546024 -0.126002863 0.029735077 -0.098695658 0.045106303 -0.003556176 0.018605430 0.998802602
1341846336.578003 -0.129199624 0.038287338 -0.106554247 0.045290045 -0.003902504 0.020417677 0.998757601
1341846336.614020 -0.123009458 0.038445346 -0.109403037 0.044627279 -0.003807447 0.019514298 0.998805821
1341846336.645982 -0.131077439 0.043750446 -0.116844378 0.043801021 -0.001984712 0.019151146 0.998854697
1341846336.678036 -0.139115855 0.035691041 -0.120459914 0.041478254 -0.003390844 0.019253088 0.998948157
1341846336.714024 -0.139282390 0.029116863 -0.119643353 0.042742077 -0.005830216 0.019044835 0.998887599
1341846336.746016 -0.140914723 0.026660265 -0.128368914 0.046269596 -0.007916374 0.021307809 0.998670340
1341846336.778014 -0.144875675 0.034470193 -0.145082936 0.049239475 -0.011719922 0.024733314 0.998411953
1341846336.820006 -0.146584168 0.039469149 -0.145433873 0.050202083 -0.015379841 0.026713850 0.998263299
1341846336.882056 -0.150793836 0.035324074 -0.164208487 0.052650716 -0.017297965 0.024972713 0.998150826
1341846336.914273 -0.157305747 0.025084203 -0.174360782 0.054207347 -0.021319496 0.027393870 0.997926176
1341846336.945998 -0.151358992 0.025623322 -0.172324613 0.060596190 -0.028301485 0.029931512 0.997312009
1341846336.981980 -0.152832747 0.049990516 -0.186982632 0.065144129 -0.032114681 0.027813070 0.996971071
1341846337.014238 -0.154365569 0.054943625 -0.187491894 0.062528946 -0.034891855 0.025983317 0.997094572
1341846337.046017 -0.152251229 0.049952284 -0.183300868 0.059761398 -0.036419291 0.021702696 0.997312009
1341846337.082104 -0.154125631 0.047442865 -0.195813552 0.058877483 -0.036706470 0.018443480 0.997419596
1341846337.114317 -0.156859055 0.046300568 -0.199962869 0.056940012 -0.038851131 0.018079815 0.997457504
1341846337.150037 -0.152558297 0.045503411 -0.198642477 0.055308588 -0.041042797 0.016793380 0.997484028
1341846337.181873 -0.149348453 0.045304559 -0.202876270 0.054895952 -0.041003413 0.013555882 0.997557700
1341846337.214073 -0.152335912 0.052722212 -0.212912798 0.053036649 -0.039155923 0.011259051 0.997761071
1341846337.250087 -0.164082587 0.039402056 -0.213898927 0.049407937 -0.040245969 0.012526438 0.997888863
1341846337.282028 -0.162420198 0.041155096 -0.214031965 0.050818749 -0.044537779 0.015931638 0.997587085
1341846337.317920 -0.158548146 0.048665959 -0.203230157 0.051182341 -0.046274576 0.016318114 0.997483194
1341846337.350018 -0.158916458 0.051120598 -0.212524563 0.049621724 -0.045618713 0.016238192 0.997593582
1341846337.382159 -0.157035813 0.049057882 -0.213166118 0.046731416 -0.045418210 0.014329895 0.997771561
1341846337.417941 -0.164582357 0.037932523 -0.217687756 0.046881143 -0.044247925 0.014467369 0.997815073
1341846337.450137 -0.168718442 0.049097028 -0.224673137 0.048186619 -0.045904279 0.015197663 0.997667193
1341846337.482096 -0.160672307 0.045973152 -0.220321685 0.046408240 -0.046729121 0.016396629 0.997694254
1341846337.518008 -0.165260583 0.039507184 -0.221644074 0.047080036 -0.046803989 0.016351731 0.997659981
1341846337.549978 -0.164488956 0.052545872 -0.226091012 0.048047800 -0.047673848 0.014793584 0.997596979
1341846337.585971 -0.165673703 0.048952434 -0.224511340 0.045021873 -0.047970399 0.013713591 0.997739375
1341846337.617903 -0.161605805 0.030753916 -0.216122478 0.045434363 -0.048806954 0.014221330 0.997672975
1341846337.650141 -0.162953988 0.047716022 -0.221652403 0.048899878 -0.048966739 0.013362966 0.997513175
1341846337.686352 -0.163761705 0.054643974 -0.223405123 0.047573417 -0.048581641 0.013677166 0.997591853
1341846337.718002 -0.157521978 0.053700343 -0.210031554 0.045776661 -0.048595969 0.013570414 0.997676671
1341846337.749920 -0.148211017 0.057999965 -0.207722276 0.045738351 -0.047402263 0.013422338 0.997737885
1341846337.786157 -0.154987633 0.059995513 -0.212259457 0.042688966 -0.043914031 0.013295677 0.998034239
1341846337.817945 -0.153344929 0.051941197 -0.205027610 0.039784558 -0.041818101 0.014667744 0.998225033
1341846337.854071 -0.150967687 0.058707431 -0.205133095 0.038914442 -0.038664352 0.014344212 0.998391151
1341846337.885951 -0.152826995 0.065979891 -0.196875975 0.035980232 -0.036196139 0.012595338 0.998617351
1341846337.918223 -0.149436325 0.067165263 -0.184806690 0.031961337 -0.035179134 0.010142641 0.998818338
1341846337.954120 -0.149720803 0.062578574 -0.178822249 0.029335774 -0.033706672 0.009441712 0.998956501
1341846337.985994 -0.144502357 0.073533252 -0.175153777 0.027117793 -0.033160072 0.009900321 0.999033034
1341846338.018107 -0.142673984 0.067550056 -0.163075015 0.023492731 -0.031590607 0.010912680 0.999165177
1341846338.054055 -0.142073363 0.070805572 -0.159944534 0.021367962 -0.030041292 0.009845046 0.999271750
1341846338.085986 -0.138019428 0.066401646 -0.157519966 0.017302379 -0.027081905 0.009780036 0.999435604
1341846338.121875 -0.141918361 0.061187632 -0.150295421 0.015059236 -0.024415942 0.011360524 0.999523878
1341846338.154089 -0.145622194 0.062624745 -0.145717964 0.014406186 -0.023602339 0.014853572 0.999507248
1341846338.186029 -0.142487630 0.064997047 -0.137760490 0.013349055 -0.024065750 0.017037837 0.999476075
1341846338.222071 -0.130836666 0.067901023 -0.122751094 0.012341403 -0.023834912 0.016791901 0.999498665
1341846338.254107 -0.134508803 0.063119568 -0.116002627 0.010215198 -0.021462375 0.016965752 0.999573469
1341846338.290130 -0.132696971 0.059975829 -0.106153257 0.010485604 -0.021682601 0.018815627 0.999532819
1341846338.321952 -0.132991940 0.068212725 -0.096919172 0.011110890 -0.020624228 0.020539263 0.999514520
1341846338.354022 -0.127990454 0.064269520 -0.088440865 0.010142216 -0.020495972 0.021194875 0.999513805
1341846338.389969 -0.128712416 0.073257565 -0.076607905 0.010277420 -0.019397212 0.021319086 0.999531686
1341846338.422377 -0.129524410 0.068278924 -0.071185350 0.008137291 -0.018908771 0.021725703 0.999552011
1341846338.454010 -0.127662182 0.072509110 -0.061909195 0.007486769 -0.019388884 0.020927854 0.999564946
1341846338.489894 -0.125614390 0.066319808 -0.051776402 0.005166852 -0.019957453 0.020878857 0.999569416
1341846338.522066 -0.120011069 0.065765247 -0.039881278 0.006025368 -0.019986764 0.020841202 0.999564826
1341846338.558058 -0.120568454 0.074878797 -0.035429213 0.005683762 -0.019985907 0.020059427 0.999582887
1341846338.589842 -0.116200797 0.072333939 -0.020773273 0.003597383 -0.020528009 0.019706285 0.999588549
1341846338.622019 -0.111551940 0.066983037 -0.011183035 0.003774726 -0.019741548 0.021458268 0.999567688
1341846338.657984 -0.117467798 0.076314218 -0.003566497 0.004897839 -0.019272262 0.022728333 0.999543905
1341846338.690198 -0.110328607 0.077949516 0.004353147 0.002773683 -0.020501735 0.022453334 0.999533772
1341846338.722454 -0.104362629 0.070217587 0.018084608 0.001522745 -0.019754006 0.023138298 0.999535918
1341846338.757945 -0.114706516 0.080314256 0.023384875 0.002584878 -0.018846449 0.024441194 0.999520242
1341846338.790039 -0.108915843 0.077827588 0.036394607 0.000186109 -0.021588789 0.025137866 0.999450803
1341846338.826048 -0.096258894 0.074245356 0.048585255 0.000223441 -0.021499563 0.023823934 0.999484956
1341846338.858027 -0.103510946 0.080469050 0.053175557 0.000444621 -0.019094184 0.022397609 0.999566674
1341846338.889902 -0.100918517 0.079988807 0.064157672 -0.002072253 -0.020296030 0.021975387 0.999550343
1341846338.925948 -0.092282563 0.079375923 0.076990128 -0.002686636 -0.020207901 0.020132985 0.999589443
1341846338.958108 -0.092869736 0.078220531 0.089289129 -0.002636452 -0.018116698 0.019342544 0.999645293
1341846338.990057 -0.089884110 0.078459680 0.102640800 -0.002144594 -0.018259672 0.020130724 0.999628305
1341846339.025928 -0.083565906 0.075978108 0.114080451 -0.000313323 -0.017710030 0.020739919 0.999628007
1341846339.057939 -0.082953431 0.082150683 0.122513510 0.002850240 -0.015156083 0.020909149 0.999662459
1341846339.093927 -0.089819133 0.088164493 0.126979470 0.001934368 -0.014947544 0.021909770 0.999646306
1341846339.126562 -0.080521040 0.090240300 0.133885607 -0.001208073 -0.016624223 0.020962548 0.999641299
1341846339.157969 -0.072788171 0.092205293 0.153592721 -0.003397098 -0.014694928 0.018776089 0.999709964
1341846339.194113 -0.078890033 0.094823070 0.160081193 -0.005305382 -0.013106021 0.020211523 0.999695778
1341846339.228165 -0.075532980 0.099935338 0.169095188 -0.008530748 -0.015277546 0.022428617 0.999595344
1341846339.257998 -0.066113800 0.094774514 0.180061504 -0.011476180 -0.015101018 0.022319509 0.999570966
1341846339.294132 -0.068343833 0.097366817 0.187786117 -0.011597993 -0.012352105 0.023742598 0.999574542
1341846339.326577 -0.071443938 0.109836854 0.193022609 -0.014861805 -0.014170691 0.027367676 0.999414504
1341846339.362269 -0.062711738 0.105089419 0.202977404 -0.018954495 -0.016682941 0.024287270 0.999386072
1341846339.394725 -0.056111824 0.103263035 0.215431333 -0.020215465 -0.015333198 0.024452975 0.999378979
1341846339.462186 -0.051694013 0.103301518 0.231767222 -0.023649618 -0.016058173 0.023801522 0.999307930
1341846339.496743 -0.039173406 0.100763664 0.243021160 -0.020991772 -0.013292196 0.021636149 0.999457121
1341846339.562052 -0.045556575 0.100129679 0.263951719 -0.019989341 -0.009409704 0.024051392 0.999466538
1341846339.595122 -0.033807587 0.099823721 0.270742893 -0.018095298 -0.009709282 0.023565905 0.999511361
1341846339.632085 -0.029033326 0.104203507 0.281459600 -0.016317189 -0.006164567 0.021033758 0.999626577
1341846339.664568 -0.030199084 0.103819504 0.288806111 -0.016031109 -0.003058104 0.018648367 0.999692917
1341846339.698896 -0.027913492 0.099771641 0.299747556 -0.016770119 -0.002219319 0.018713787 0.999681771
1341846339.731977 -0.024971824 0.100894690 0.310047060 -0.016251463 -0.001846706 0.016453741 0.999730825
1341846339.762241 -0.019922681 0.096890405 0.317398489 -0.016370615 -0.000981620 0.016811784 0.999724150
1341846339.797873 -0.017565578 0.096097723 0.325771779 -0.016394285 -0.000647445 0.018003711 0.999703288
1341846339.830245 -0.014122212 0.096556097 0.336709142 -0.016422193 -0.001262105 0.018284924 0.999697149
1341846339.862015 -0.011547168 0.097372681 0.340530127 -0.016804010 -0.001095636 0.017934052 0.999697328
1341846339.897797 -0.004107489 0.096511044 0.348988503 -0.017830823 -0.000567374 0.017527858 0.999687195
1341846339.929916 -0.004518981 0.090289339 0.359156698 -0.018958651 0.000682508 0.019575492 0.999628365
1341846339.961960 -0.001739425 0.089018427 0.365350306 -0.017746449 0.000069910 0.020420803 0.999633968
1341846339.997845 0.004302024 0.091809250 0.367624104 -0.015923953 0.000802373 0.020209724 0.999668658
1341846340.029925 0.006619676 0.089465193 0.373805165 -0.015273026 0.003229942 0.021381054 0.999649525
1341846340.066044 0.007364248 0.088712320 0.378648967 -0.013294200 0.004485323 0.022844890 0.999640584
1341846340.098009 0.007152699 0.090589829 0.383904994 -0.012237115 0.005366689 0.023329141 0.999638557
1341846340.130102 0.008938019 0.090432703 0.392013669 -0.012917589 0.005322037 0.022330273 0.999653041
1341846340.166041 0.019208943 0.089191429 0.399259388 -0.012003010 0.006507271 0.020743413 0.999691606
1341846340.197867 0.016452404 0.090851150 0.405871212 -0.010884149 0.009402969 0.020451877 0.999687374
1341846340.229904 0.016604345 0.093399994 0.413121253 -0.011934590 0.009286393 0.020341659 0.999678731
1341846340.265859 0.021526126 0.090671390 0.418776870 -0.012705036 0.010148226 0.019890368 0.999669909
1341846340.298061 0.023227531 0.091186911 0.424336225 -0.010580845 0.012522799 0.020304075 0.999659419
1341846340.334063 0.017759260 0.097250715 0.428981483 -0.010876527 0.012376693 0.022676876 0.999607086
1341846340.366064 0.028178288 0.088955976 0.439766020 -0.013622090 0.009259321 0.021822494 0.999626160
1341846340.397995 0.031546932 0.088173933 0.440754801 -0.011725268 0.009839211 0.021174749 0.999658644
1341846340.433895 0.032087237 0.090576231 0.445001304 -0.010929436 0.009642808 0.022032935 0.999651015
1341846340.465959 0.030512456 0.090299316 0.448156476 -0.010259698 0.007759892 0.023868021 0.999632359
1341846340.501858 0.036170810 0.090033740 0.448783845 -0.009521648 0.003765717 0.024259115 0.999653280
1341846340.534329 0.044286311 0.091619812 0.446661353 -0.009001721 0.001526195 0.023986083 0.999670565
1341846340.566041 0.046444222 0.088275723 0.451054484 -0.007908775 0.000677692 0.024686055 0.999663770
1341846340.601909 0.052044194 0.087151900 0.448416024 -0.005582402 -0.000218630 0.024993353 0.999671996
1341846340.634005 0.052891705 0.090928063 0.444929719 -0.004389720 -0.000625484 0.023803959 0.999706805
1341846340.666028 0.056537922 0.088069350 0.441831648 -0.005070783 -0.000165270 0.021924002 0.999746799
1341846340.701946 0.061521966 0.087011531 0.437454522 -0.003029868 0.000762519 0.019076422 0.999813139
1341846340.733954 0.063404590 0.089134708 0.438419551 -0.002034060 0.002369654 0.018070444 0.999831855
1341846340.770081 0.063647948 0.092288777 0.438356906 -0.002329779 0.002920207 0.015124213 0.999878645
1341846340.801980 0.071002655 0.088091634 0.432587862 -0.002833780 0.002956800 0.010128558 0.999940336
1341846340.833999 0.068409465 0.092767425 0.429368973 -0.002512248 0.005826002 0.006118489 0.999961138
1341846340.870013 0.067309342 0.090683915 0.432570994 -0.004018325 0.005814143 0.004509573 0.999964833
1341846340.901955 0.068859063 0.088289976 0.433806956 -0.003273916 0.005443301 0.004049233 0.999971628
1341846340.933918 0.065864988 0.089522392 0.431518793 -0.001233405 0.005334752 0.007116226 0.999959707
1341846340.970122 0.065651692 0.090782434 0.426024377 0.000093287 0.002390909 0.011924138 0.999926031
1341846341.001922 0.064266376 0.085478768 0.424343765 0.000775431 -0.001385715 0.016791226 0.999857724
1341846341.037923 0.069236606 0.087994598 0.420882910 0.002208918 -0.004416715 0.019604020 0.999795616
1341846341.070300 0.067748167 0.087789208 0.416459709 0.002711302 -0.004905014 0.019732222 0.999789596
1341846341.102028 0.066727899 0.085028492 0.410998285 0.002133653 -0.006334670 0.020448763 0.999768555
1341846341.137982 0.068013594 0.085484430 0.412721455 0.002398799 -0.008627069 0.020757332 0.999744415
1341846341.170048 0.067868322 0.084496312 0.412904084 0.002848463 -0.008910180 0.021864310 0.999717176
1341846341.202110 0.068393953 0.080925688 0.404462725 0.004061048 -0.009019022 0.023040807 0.999685585
1341846341.237996 0.069307879 0.082465842 0.404217243 0.005940652 -0.008837475 0.023862964 0.999658525
1341846341.269883 0.069146797 0.082106359 0.401344448 0.007084621 -0.008374669 0.023928255 0.999653518
1341846341.306107 0.067913324 0.082715735 0.399373680 0.007866455 -0.008771914 0.022652980 0.999673963
1341846341.338109 0.069780931 0.083518595 0.395891488 0.008760859 -0.008437514 0.020427961 0.999717355
1341846341.370120 0.070575073 0.084004752 0.395843565 0.009364849 -0.007443325 0.018288927 0.999761164
1341846341.406074 0.063060343 0.081273057 0.394766480 0.009109385 -0.006111759 0.017439764 0.999787748
1341846341.438113 0.062788233 0.076406404 0.393621087 0.009864185 -0.007947349 0.017617950 0.999764562
1341846341.470024 0.068054266 0.080205165 0.391288310 0.013140207 -0.008737236 0.016056331 0.999746561
1341846341.506077 0.064370029 0.087643370 0.388589352 0.013669084 -0.007581662 0.015214291 0.999762058
1341846341.538156 0.061706714 0.082229502 0.388126075 0.012018672 -0.009252913 0.015950181 0.999757767
1341846341.574016 0.064048961 0.081824206 0.384900779 0.013080986 -0.011589169 0.016763261 0.999706745
1341846341.612466 0.061298385 0.084440082 0.382612824 0.013823527 -0.011834650 0.016900446 0.999691546
1341846341.643972 0.060660511 0.085453562 0.383492857 0.013040399 -0.013261879 0.015657598 0.999704421
1341846341.679982 0.056893326 0.082157016 0.381221473 0.012462595 -0.014239604 0.015866874 0.999695003
1341846341.712332 0.052712660 0.083876207 0.381933570 0.013578926 -0.015887067 0.018456986 0.999611199
1341846341.744185 0.057130791 0.081722699 0.378413737 0.013652389 -0.018581349 0.020905450 0.999515533
1341846341.780061 0.056617804 0.085585535 0.374513179 0.014329993 -0.019065147 0.022396544 0.999464631
1341846341.842595 0.063475519 0.076416098 0.373273730 0.015821278 -0.020689726 0.027712259 0.999276578
1341846341.906227 0.063653953 0.074818462 0.367037326 0.019150309 -0.021142999 0.032395620 0.999067962
1341846341.942069 0.065133616 0.069252990 0.362770230 0.021948749 -0.021251928 0.034448907 0.998939395
1341846341.974775 0.067211330 0.071478561 0.364120722 0.025448695 -0.021821415 0.036373518 0.998775840
1341846342.010161 0.061029200 0.073596343 0.362079233 0.026494363 -0.022239663 0.037784722 0.998687029
1341846342.042024 0.066247910 0.065750159 0.358982682 0.027416026 -0.023337457 0.037910055 0.998632312
1341846342.080032 0.068760298 0.071268387 0.354523629 0.030235866 -0.021221580 0.037569374 0.998611033
1341846342.112265 0.063827984 0.066778496 0.354128957 0.030060608 -0.020125255 0.039900307 0.998548567
1341846342.147954 0.065480568 0.060390200 0.355157971 0.031789549 -0.021457860 0.042115252 0.998376310
1341846342.179852 0.070380457 0.064658038 0.349849045 0.035099778 -0.021295350 0.043189310 0.998223007
1341846342.211848 0.068768747 0.067062326 0.356603384 0.036013596 -0.020776847 0.043306597 0.998196304
1341846342.247920 0.068826973 0.062031038 0.353457332 0.036625974 -0.020495642 0.041857861 0.998241663
1341846342.279870 0.070504822 0.063290089 0.353531957 0.038295120 -0.020183779 0.042140424 0.998173475
1341846342.316068 0.070374340 0.063562289 0.349439383 0.039496254 -0.020003596 0.043707766 0.998062909
1341846342.347894 0.071065120 0.066348843 0.349153161 0.040224880 -0.020022830 0.043252390 0.998053253
1341846342.379953 0.071895480 0.064089939 0.348783821 0.040018477 -0.019447472 0.043522283 0.998061180
1341846342.416195 0.072099462 0.066334240 0.349683315 0.041055504 -0.019288443 0.044210367 0.997991920
