1341846226.817920 0.000000000 0.000000000 0.000000000 0.000000000 0.000000000 0.000000000 1.000000000
1341846226.850323 0.003983047 0.000951925 0.002159894 0.001045406 -0.000498187 -0.002271135 0.999996722
1341846226.881894 0.007095753 0.001619331 0.003285638 0.001447821 0.000471001 -0.003094754 0.999994040
1341846226.917980 0.004678580 -0.000167355 0.003375636 0.000319646 -0.000569962 -0.002790718 0.999995887
1341846226.950000 0.005092924 -0.003735246 0.006398938 0.000880286 -0.002785571 -0.002185336 0.999993324
1341846226.985981 0.005699788 -0.002459925 0.004617273 0.002741024 -0.003533240 -0.002792627 0.999986112
1341846227.017919 0.001685339 0.001092814 0.002398419 0.002909080 -0.003691541 -0.003500035 0.999982834
1341846227.050040 0.006426202 -0.002688323 0.006238827 0.002297028 -0.004830036 -0.003986240 0.999977767
1341846227.085982 0.005283920 -0.000669874 0.004164443 0.003294484 -0.004439237 -0.004924440 0.999972582
1341846227.118052 0.006856480 -0.000106639 0.006575492 0.003774725 -0.004578783 -0.005145747 0.999969125
1341846227.149935 0.005692231 -0.001055509 0.003984080 0.004296781 -0.004801227 -0.004988931 0.999966800
1341846227.186053 0.001522508 0.001986101 0.002337074 0.004296050 -0.005143170 -0.006062375 0.999959171
1341846227.218443 0.006578913 -0.000192933 0.006156548 0.003066539 -0.006209044 -0.007386544 0.999948740
1341846227.253944 0.009980568 -0.003718494 0.007450550 0.003959882 -0.006359058 -0.008943474 0.999931931
1341846227.285981 0.006037865 -0.003704381 0.005602982 0.005080746 -0.006458641 -0.010118405 0.999915063
1341846227.320064 0.005481102 -0.002419584 0.004179616 0.005324809 -0.008041003 -0.011306738 0.999889553
1341846227.353969 0.004256712 -0.001775381 0.002135976 0.005852330 -0.009583963 -0.013580345 0.999844730
1341846227.385846 0.000989996 0.002105063 0.000147646 0.005726886 -0.011477769 -0.014755503 0.999808848
1341846227.418015 -0.001636190 0.001409760 0.000027316 0.004091761 -0.014559568 -0.016868867 0.999743342
1341846227.453997 0.001971396 0.001146444 0.001999186 0.002760756 -0.017638138 -0.020607626 0.999628246
1341846227.485981 0.007476398 0.002395825 0.005765509 0.002300983 -0.019558774 -0.023224581 0.999536276
1341846227.521976 0.006337701 -0.001132449 0.006701258 0.001733962 -0.021020107 -0.023286067 0.999506354
1341846227.553980 0.004203006 -0.002450092 0.006716279 0.003344032 -0.023230050 -0.023918768 0.999438405
1341846227.586047 0.008997395 0.002921473 0.005655532 0.005636688 -0.024089510 -0.026655355 0.999338508
1341846227.622081 0.009902755 0.002595988 0.006057903 0.005203729 -0.023472069 -0.030420749 0.999248028
1341846227.653945 0.006005493 -0.004248626 0.007518745 0.004038105 -0.023292826 -0.030043272 0.999269009
1341846227.686038 0.009986909 -0.011554621 0.006908232 0.006189351 -0.024917314 -0.030293915 0.999211192
1341846227.721966 0.021238951 -0.007132134 0.008784828 0.009255219 -0.024133557 -0.031212714 0.999178529
1341846227.754130 0.019697729 -0.009527103 0.006820426 0.009752751 -0.020950042 -0.031086313 0.999249518
1341846227.789951 0.018980537 -0.007841419 0.007485432 0.011682472 -0.018838439 -0.029714575 0.999312580
1341846227.821920 0.022205895 -0.007527024 0.007924963 0.012016426 -0.017434223 -0.029125234 0.999351442
1341846227.854275 0.024321418 -0.007894185 0.008034375 0.012302228 -0.015808646 -0.029277815 0.999370575
1341846227.889935 0.021938654 -0.011960491 0.006753391 0.012065512 -0.013585061 -0.028691990 0.999423146
1341846227.921967 0.021468576 -0.010749946 0.006433194 0.012225742 -0.012772914 -0.027931927 0.999453425
1341846227.958123 0.021433735 -0.010359101 0.006203480 0.012390728 -0.011269648 -0.028655151 0.999449015
1341846227.989985 0.020295428 -0.009888399 0.005710728 0.011397989 -0.008543562 -0.030352956 0.999437749
1341846228.021937 0.027648846 -0.018612705 0.009236076 0.010455322 -0.009335742 -0.028690301 0.999490082
1341846228.058222 0.018933160 -0.020895978 0.010090583 0.012696560 -0.007636131 -0.028165231 0.999493480
1341846228.090097 0.033031039 -0.008655853 0.005572508 0.014075015 -0.008438176 -0.027800050 0.999478757
1341846228.121845 0.029662065 -0.004829835 0.007148348 0.011217903 -0.005754388 -0.026732216 0.999563158
1341846228.157875 0.029749529 -0.004533127 0.008030067 0.009098363 -0.005948235 -0.022536799 0.999686897
1341846228.189872 0.029416317 -0.003395384 0.005239307 0.006856091 -0.006267786 -0.021719340 0.999720931
1341846228.225994 0.027510991 -0.014554735 0.010867010 0.003323775 -0.006125149 -0.022586532 0.999720573
1341846228.258336 0.026359227 -0.019542871 0.011146841 0.003315985 -0.006622199 -0.022783676 0.999712944
1341846228.289941 0.032554042 -0.015532882 0.009147692 0.004837677 -0.007953505 -0.021650461 0.999722242
1341846228.326018 0.036799692 -0.015929203 0.012357446 0.005224674 -0.007895418 -0.021570360 0.999722481
1341846228.358243 0.034758400 -0.012049654 0.013013652 0.006133942 -0.005817759 -0.022132317 0.999719322
1341846228.389779 0.027421245 -0.014508332 0.009889849 0.005380343 -0.004277826 -0.021303076 0.999749422
1341846228.426073 0.033373747 -0.019829746 0.010388865 0.004766625 -0.004527250 -0.021697102 0.999742985
1341846228.493915 0.032170516 -0.016773952 0.006164333 0.005726759 -0.002010066 -0.019217232 0.999796867
1341846228.525907 0.031912252 -0.017158942 0.007287296 0.005129805 -0.002893783 -0.019377941 0.999794841
1341846228.558208 0.037360616 -0.015313979 0.009443483 0.005506389 -0.003043908 -0.019064559 0.999798477
1341846228.593899 0.030138951 -0.019197520 0.008239084 0.005097954 -0.001608038 -0.018261610 0.999818981
1341846228.626021 0.029435998 -0.017275335 0.006151624 0.005323401 -0.003170140 -0.017012004 0.999836087
1341846228.658069 0.034396078 -0.012133665 0.006295494 0.005093087 -0.004768174 -0.016124470 0.999845684
1341846228.693942 0.032247037 -0.015590245 0.007384294 0.003556656 -0.003582042 -0.017876176 0.999827445
1341846228.726069 0.034176849 -0.016356373 0.008340933 0.002857808 -0.002555989 -0.017747413 0.999835134
1341846228.762090 0.035265047 -0.017825665 0.005152434 0.002698189 -0.002891226 -0.014979133 0.999880016
1341846228.794000 0.037990991 -0.017850095 0.006226360 0.003863036 -0.003735885 -0.013599016 0.999893069
1341846228.825934 0.041770313 -0.015879193 0.004894069 0.004982652 -0.003551189 -0.013202326 0.999894142
1341846228.862015 0.042844016 -0.015581393 0.000492498 0.004955236 -0.003788941 -0.010769469 0.999922514
1341846228.893856 0.036138069 -0.017549057 0.000651624 0.005176892 -0.004048758 -0.011412906 0.999913275
1341846228.926548 0.042857833 -0.011959943 0.001679121 0.006100534 -0.004647321 -0.011939975 0.999899328
1341846228.961940 0.040132996 -0.007936699 0.003100680 0.006245408 -0.003700275 -0.011729766 0.999904871
1341846228.994040 0.040532518 -0.014072406 -0.001575095 0.004292235 -0.003657570 -0.011269119 0.999920607
1341846229.029897 0.042112149 -0.015508526 0.000661810 0.004379198 -0.003988677 -0.011157961 0.999920189
1341846229.061870 0.048243381 -0.020350304 0.001228229 0.004729719 -0.004450086 -0.009771661 0.999931157
1341846229.094829 0.049450397 -0.013953187 0.001728034 0.005836902 -0.004113739 -0.008701042 0.999936640
1341846229.129930 0.046537615 -0.016155791 -0.000674655 0.004768300 -0.002993180 -0.007926937 0.999952734
1341846229.161882 0.049533803 -0.015963664 0.000130592 0.004500877 -0.003112717 -0.009000458 0.999944508
1341846229.197882 0.044206861 -0.017422946 -0.001374329 0.004704270 -0.002356588 -0.009542237 0.999940634
1341846229.229812 0.045779422 -0.019392276 -0.004602950 0.005630554 -0.003222857 -0.009069519 0.999937832
1341846229.261994 0.040816013 -0.019743670 -0.001419385 0.006681502 -0.002783367 -0.010109423 0.999922693
1341846229.297920 0.038862959 -0.017560633 -0.000748602 0.007052228 -0.002821654 -0.011474773 0.999905288
1341846229.329933 0.040483303 -0.017134527 -0.003175313 0.007076386 -0.003878482 -0.011791761 0.999897897
1341846229.361996 0.045016021 -0.020397348 0.000197186 0.006729279 -0.005072161 -0.010560443 0.999908745
1341846229.398029 0.045532994 -0.028349392 0.001046065 0.008007336 -0.004682781 -0.010254315 0.999904394
1341846229.430182 0.044856817 -0.025056671 -0.001107690 0.011150919 -0.004995340 -0.009854817 0.999876797
1341846229.471963 0.045754276 -0.021397438 -0.002358501 0.012295706 -0.005217014 -0.009704232 0.999863684
1341846229.530149 0.046577998 -0.023239542 -0.004554490 0.013898509 -0.004516713 -0.007657922 0.999863863
1341846229.566064 0.046104599 -0.019704750 -0.007614836 0.014611083 -0.004431979 -0.005879897 0.999866188
1341846229.630063 0.047950812 -0.016560789 -0.005637788 0.018219000 -0.002274976 -0.002875220 0.999827266
1341846229.665946 0.046418242 -0.019201757 -0.006812754 0.017175585 -0.001846712 -0.002513016 0.999847651
1341846229.698150 0.053189650 -0.025078772 -0.004392438 0.017491594 -0.002638574 -0.000697170 0.999843299
1341846229.733828 0.057992697 -0.022352735 -0.005454012 0.021162637 -0.001734263 -0.000063851 0.999774516
1341846229.765937 0.044583049 -0.018631956 -0.016039647 0.021746697 0.001880842 -0.000942902 0.999761283
1341846229.798002 0.042797543 -0.020256987 -0.008842697 0.019413456 0.001913016 -0.000870518 0.999809325
1341846229.833857 0.049088839 -0.025011849 -0.009349682 0.018985609 0.001250685 -0.001272231 0.999818206
1341846229.865928 0.049612746 -0.024877001 -0.005672540 0.020484161 0.002015848 -0.001550261 0.999786973
1341846229.897926 0.041987646 -0.020004140 -0.011940765 0.020826591 0.003557920 -0.002636814 0.999773324
1341846229.939857 0.043787189 -0.016207868 -0.015663965 0.019510929 0.003392138 -0.002960528 0.999799490
1341846230.002061 0.037939094 -0.016434269 -0.007241570 0.016391048 0.005384692 -0.003977789 0.999843240
1341846230.033858 0.043088362 -0.018339150 -0.006388084 0.013548458 0.004412413 -0.004464550 0.999888480
1341846230.065938 0.037600059 -0.021045147 -0.001994687 0.013076838 0.005847090 -0.003911965 0.999889731
1341846230.103878 0.039490011 -0.018200327 -0.002502565 0.013392781 0.006520400 -0.002944646 0.999884725
1341846230.144719 0.038233083 -0.014891213 -0.005624587 0.012815946 0.006703804 -0.003344818 0.999889791
1341846230.172747 0.042129233 -0.020845586 -0.004709150 0.011885037 0.006471328 -0.001457532 0.999907374
1341846230.208544 0.038610883 -0.022222906 -0.004759599 0.012394457 0.007845800 -0.000575210 0.999892235
1341846230.271971 0.048728637 -0.023678642 0.001080853 0.011209611 0.006130279 0.000780358 0.999918044
1341846230.334051 0.045906428 -0.019132338 -0.002456781 0.016074747 0.007180778 0.002444520 0.999841988
1341846230.370031 0.048454572 -0.023450805 -0.002352544 0.017347829 0.007886683 0.000567849 0.999818265
1341846230.401932 0.043996725 -0.019083835 -0.005656524 0.020016154 0.009586575 0.000213066 0.999753654
1341846230.437965 0.041248344 -0.022514459 -0.005147966 0.021124836 0.010425243 -0.001476410 0.999721408
1341846230.469920 0.042508345 -0.014507504 -0.005239706 0.023505125 0.010558932 -0.002284518 0.999665380
1341846230.501933 0.038939357 -0.017718222 -0.008748601 0.022748535 0.011170863 -0.002897163 0.999674618
1341846230.537834 0.040542807 -0.009669828 -0.008336906 0.023441158 0.010379944 -0.003037825 0.999666691
1341846230.569803 0.046343986 -0.021004051 -0.007040343 0.023479421 0.009326315 -0.003385186 0.999675095
1341846230.601945 0.045789279 -0.024731914 -0.008620268 0.024405431 0.008579504 -0.002538362 0.999662101
1341846230.637789 0.045159440 -0.018449627 -0.006376593 0.026599241 0.008041739 -0.001975065 0.999611855
1341846230.670057 0.042234302 -0.016679099 -0.015861697 0.026182164 0.008001991 -0.003446797 0.999619246
1341846230.705937 0.050741915 -0.020941865 -0.009304719 0.024484163 0.006193872 -0.003656443 0.999674320
1341846230.737932 0.047013551 -0.027858471 -0.011542400 0.024574684 0.006516146 -0.003432323 0.999670863
1341846230.769960 0.049442910 -0.026094694 -0.013750625 0.025680989 0.006078647 -0.003943605 0.999643922
1341846230.805852 0.047515113 -0.018025804 -0.011692321 0.027197454 0.005888014 -0.003503206 0.999606609
1341846230.837804 0.044481233 -0.020877713 -0.010117128 0.027073337 0.005928544 -0.004557577 0.999605477
1341846230.869829 0.047675986 -0.026386131 -0.011711677 0.027127212 0.005890422 -0.004226412 0.999605715
1341846230.905851 0.044614885 -0.024051674 -0.012252130 0.028071383 0.005967120 -0.003968039 0.999580264
1341846230.937917 0.044698492 -0.023614941 -0.014440943 0.027933706 0.004647369 -0.004578250 0.999588490
1341846230.973933 0.044102043 -0.028793650 -0.008819790 0.028001416 0.004263689 -0.003976028 0.999590874
1341846231.006047 0.047772590 -0.026216917 -0.003225487 0.029638428 0.003945184 -0.003278658 0.999547541
1341846231.037936 0.048118569 -0.022666775 -0.008014644 0.029996684 0.003185367 -0.003849009 0.999537528
1341846231.074310 0.046599608 -0.026922947 -0.007445758 0.029414324 0.002651209 -0.003682765 0.999557018
1341846231.106085 0.050087307 -0.030665996 -0.008636602 0.029996792 0.001888102 -0.003004986 0.999543726
1341846231.138083 0.049614314 -0.028189775 -0.012309233 0.031258032 0.001456423 -0.003105049 0.999505460
1341846231.174011 0.052499928 -0.027778165 -0.007090897 0.031444330 0.000578808 -0.003186850 0.999500275
1341846231.205909 0.051230222 -0.029375352 -0.010303629 0.032094516 0.000715782 -0.003832866 0.999477267
1341846231.241869 0.045776382 -0.032490898 -0.011869825 0.032547306 0.001749339 -0.004213165 0.999459803
1341846231.273832 0.046327114 -0.027803196 -0.011342237 0.033497404 0.001272157 -0.004316560 0.999428689
1341846231.305846 0.050961629 -0.030131925 -0.015448016 0.034526080 0.000190034 -0.003705932 0.999396920
1341846231.341923 0.047290646 -0.024984164 -0.016237872 0.035098638 0.000308697 -0.004031041 0.999375641
1341846231.410022 0.048325587 -0.028508896 -0.013746717 0.032202415 -0.000313990 -0.004418146 0.999471545
1341846231.442103 0.043951485 -0.023332875 -0.009989534 0.032728758 0.000108951 -0.004052282 0.999456048
1341846231.484245 0.043244310 -0.024448687 -0.010230099 0.032762032 -0.000995048 -0.003520168 0.999456465
1341846231.516816 0.045976624 -0.020456392 -0.013321800 0.032236367 -0.001276254 -0.003826527 0.999472141
1341846231.547853 0.047529191 -0.020244084 -0.017061919 0.030175015 -0.000141531 -0.005907232 0.999527156
1341846231.583898 0.052685596 -0.017109388 -0.014097763 0.027363697 0.000696101 -0.007246051 0.999599040
1341846231.615993 0.045232818 -0.024219207 -0.009849256 0.025197461 0.003766327 -0.011210077 0.999612570
1341846231.648015 0.039794248 -0.039031893 -0.008298659 0.024979068 0.004009257 -0.012759349 0.999598503
1341846231.683822 0.037982903 -0.040154643 -0.007760035 0.030147348 0.002749147 -0.013374649 0.999452174
1341846231.716153 0.039527636 -0.048755772 -0.006454101 0.035233695 0.001742523 -0.011911341 0.999306560
1341846231.747846 0.046364386 -0.037509535 -0.010415215 0.040313289 -0.000785893 -0.011695006 0.999118328
1341846231.783993 0.048298933 -0.027100883 -0.010605630 0.042428222 -0.002067373 -0.012720922 0.999016404
1341846231.817027 0.047325999 -0.024021497 -0.017897075 0.042494107 -0.001824126 -0.012731328 0.999013960
1341846231.852317 0.046668258 -0.026549457 -0.012516144 0.041125510 -0.002244537 -0.012584895 0.999072194
1341846231.909867 0.045136824 -0.028255222 -0.008600041 0.037165657 -0.004272427 -0.010768073 0.999241948
1341846231.945837 0.046117056 -0.033843104 -0.004717341 0.036226097 -0.005161762 -0.009520498 0.999284923
1341846231.978027 0.050520696 -0.031116007 -0.010871686 0.036577646 -0.006014596 -0.009879304 0.999263883
1341846232.009966 0.043094896 -0.025893589 -0.010457123 0.035929527 -0.005602158 -0.009967309 0.999288917
1341846232.045845 0.037845317 -0.031372618 -0.008770383 0.034914188 -0.006099537 -0.008973239 0.999331415
1341846232.077961 0.047350723 -0.029116562 -0.009758703 0.035858631 -0.008660386 -0.007333839 0.999292433
1341846232.109864 0.046667427 -0.032273572 -0.011771112 0.035028145 -0.008912846 -0.008916932 0.999306798
1341846232.145999 0.047784358 -0.027583936 -0.010605412 0.035392404 -0.008765289 -0.009897440 0.999286056
1341846232.178314 0.047403466 -0.034693886 -0.009696667 0.034009915 -0.008538586 -0.009475052 0.999340117
1341846232.215951 0.051102281 -0.034249686 -0.005653576 0.034730282 -0.008764811 -0.008548579 0.999321699
1341846232.252037 0.048824571 -0.033328190 -0.008987878 0.035827316 -0.008373077 -0.007332760 0.999296010
1341846232.283944 0.048573110 -0.031842571 -0.009933961 0.036504995 -0.008535326 -0.005995098 0.999279022
1341846232.319867 0.048853893 -0.033699591 -0.008743695 0.035728920 -0.008203542 -0.005319852 0.999313653
1341846232.351854 0.049600117 -0.031524967 -0.010778595 0.034072693 -0.007898572 -0.006343122 0.999368012
1341846232.383877 0.050764866 -0.029130163 -0.006770394 0.032153126 -0.008045896 -0.009005238 0.999410033
1341846232.419782 0.053748611 -0.029739672 -0.003469874 0.031966399 -0.009520156 -0.009352903 0.999399841
1341846232.451780 0.057421878 -0.032648284 -0.006646276 0.032674585 -0.010421715 -0.008915728 0.999371946
1341846232.484170 0.049128033 -0.031367283 -0.003246163 0.033763949 -0.008697137 -0.010339102 0.999338508
1341846232.519889 0.052658632 -0.029874254 -0.003796674 0.034900051 -0.009440823 -0.009123337 0.999304593
1341846232.551877 0.056299604 -0.032950941 -0.004114724 0.034892630 -0.010153951 -0.008910142 0.999299765
1341846232.583846 0.058312893 -0.033209067 -0.004121305 0.036437057 -0.010238314 -0.008721936 0.999245405
1341846232.619798 0.054954071 -0.032868445 -0.001827380 0.038255580 -0.009002573 -0.008447909 0.999191701
1341846232.651799 0.057742905 -0.031988829 -0.002531145 0.039470367 -0.008948604 -0.008497955 0.999144495
1341846232.688092 0.064058416 -0.035287209 -0.001770855 0.040707830 -0.009590119 -0.007799305 0.999094605
1341846232.719804 0.058366358 -0.038513634 -0.005516011 0.042226780 -0.008067441 -0.009318815 0.999032021
1341846232.751767 0.055417508 -0.036922120 -0.004659269 0.044279624 -0.006737639 -0.010406726 0.998942256
1341846232.787894 0.055908203 -0.035398651 -0.002437705 0.046344671 -0.005850810 -0.011261740 0.998844862
1341846232.819886 0.057076439 -0.032749657 -0.002499010 0.048770003 -0.004988008 -0.011422404 0.998732269
1341846232.855850 0.055122204 -0.035858601 -0.004141529 0.050228227 -0.004164613 -0.011947547 0.998657584
1341846232.887989 0.061867122 -0.034199663 -0.003957458 0.051914010 -0.004320840 -0.012535902 0.998563528
1341846232.919822 0.056849133 -0.037093963 -0.002591404 0.052011799 -0.003026218 -0.013396766 0.998552024
1341846232.955993 0.056796033 -0.035037965 -0.003522100 0.053328987 -0.002848834 -0.012986058 0.998488486
1341846232.987965 0.058068287 -0.032190725 -0.005623141 0.053555589 -0.002233780 -0.013490827 0.998471200
1341846233.023868 0.059363194 -0.033604547 -0.008219277 0.051750652 -0.000450249 -0.013465620 0.998569131
1341846233.055880 0.054976664 -0.031718891 -0.004181141 0.051139850 0.001616843 -0.014366730 0.998586833
1341846233.087872 0.053008366 -0.037926752 -0.004449582 0.049348220 0.001916077 -0.015154586 0.998664796
1341846233.124060 0.054145683 -0.043422837 -0.005531972 0.049382370 0.001124128 -0.015869595 0.998653233
1341846233.155902 0.049874231 -0.041366093 -0.003384186 0.051841609 0.000459454 -0.016222412 0.998523414
1341846233.218177 0.056894083 -0.036458291 -0.012180476 0.056285720 -0.001353756 -0.018513186 0.998242140
1341846233.249926 0.057813015 -0.034286715 -0.013893642 0.055467471 -0.001301694 -0.019656688 0.998266160
1341846233.286015 0.055544257 -0.037003707 -0.006725490 0.054071773 -0.000736547 -0.021707531 0.998300791
1341846233.317870 0.052657794 -0.035305925 0.002245154 0.055023361 0.000831989 -0.021727476 0.998248279
1341846233.349815 0.051250994 -0.038255502 -0.006709961 0.055318341 0.001387892 -0.020524481 0.998256803
1341846233.385857 0.058071151 -0.032463163 -0.003601570 0.056332760 -0.000365091 -0.019430056 0.998222888
1341846233.417990 0.053097676 -0.035588261 -0.004159730 0.055893786 -0.000167690 -0.019408260 0.998248041
1341846233.453822 0.050548106 -0.039290454 -0.005032158 0.056295034 -0.000654327 -0.019140309 0.998230517
1341846233.485912 0.052860931 -0.040861934 -0.007181881 0.057184771 -0.001649017 -0.020461766 0.998152554
1341846233.517954 0.053801719 -0.036271825 -0.003781045 0.057521764 -0.002786542 -0.021296127 0.998113215
1341846233.553882 0.053481426 -0.038273100 -0.000244375 0.057085451 -0.003761680 -0.021678830 0.998126805
1341846233.585968 0.053537503 -0.044631325 -0.000459751 0.057403527 -0.004547446 -0.020927001 0.998121321
1341846233.621898 0.055185203 -0.040397078 -0.001631623 0.059258077 -0.004592765 -0.020636488 0.998018801
1341846233.654396 0.052875169 -0.035652101 -0.003387413 0.059741359 -0.003146460 -0.020847742 0.997991204
1341846233.685848 0.051530235 -0.039110262 -0.004203629 0.058383066 -0.002021257 -0.021884814 0.998052299
1341846233.721879 0.050740622 -0.038067713 -0.005583060 0.057845570 -0.001540115 -0.021854853 0.998085082
1341846233.753961 0.053062443 -0.040621862 -0.004234539 0.056853704 -0.001607467 -0.021263992 0.998154759
1341846233.822009 0.051854208 -0.040930782 -0.003362918 0.055339128 -0.000099009 -0.019531025 0.998276532
1341846233.853971 0.051583778 -0.039347522 0.000422092 0.054664344 -0.000002476 -0.019484043 0.998314619
1341846233.889920 0.052065007 -0.041275285 -0.002169732 0.053706814 -0.000306675 -0.019757237 0.998361170
1341846233.922045 0.054770589 -0.041439045 -0.002115670 0.052672531 -0.001584303 -0.020414937 0.998401880
1341846233.953967 0.054202896 -0.041910503 -0.000127347 0.052351739 -0.002206622 -0.020223234 0.998421431
1341846233.989945 0.051360004 -0.040821582 -0.002589162 0.052070457 -0.003013674 -0.020437259 0.998429716
1341846234.021936 0.053496368 -0.039111353 -0.004520448 0.051344022 -0.003889119 -0.019759562 0.998477936
1341846234.053904 0.053805947 -0.041669127 -0.000715616 0.050381962 -0.003686668 -0.020228427 0.998518348
1341846234.089899 0.051716752 -0.042676914 -0.001988321 0.050100852 -0.002775305 -0.021107515 0.998517275
1341846234.158063 0.053716570 -0.044877850 -0.001988725 0.049467031 -0.002873447 -0.020657785 0.998557985
1341846234.189961 0.055542417 -0.044424489 -0.003731029 0.050542142 -0.002979018 -0.019613532 0.998524904
1341846234.222130 0.059820339 -0.042881608 -0.003748271 0.050323509 -0.003018291 -0.019632382 0.998535454
1341846234.257875 0.057923205 -0.041517399 -0.001936992 0.049231242 -0.002343293 -0.019426223 0.998595715
1341846234.289820 0.059433769 -0.043897893 -0.000596509 0.048690099 -0.001720578 -0.019314922 0.998625696
1341846234.321998 0.055177059 -0.043913547 -0.000380755 0.049715873 -0.000216712 -0.020887462 0.998544931
1341846234.357904 0.053034358 -0.040901355 -0.000573958 0.050638989 0.000007184 -0.021863278 0.998477638
1341846234.389919 0.056666993 -0.045013186 0.000079548 0.050430559 -0.001503348 -0.020525670 0.998515487
1341846234.425915 0.051428635 -0.045103841 0.001493435 0.051551022 -0.001171865 -0.019388659 0.998481452
1341846234.457800 0.057649992 -0.038565308 -0.000298999 0.051927928 -0.002553081 -0.018948246 0.998467803
1341846234.490016 0.058277335 -0.041686058 -0.002934015 0.048580825 -0.003018626 -0.019101320 0.998632014
1341846234.525867 0.063534252 -0.044932175 0.003609322 0.047361366 -0.003928294 -0.017858861 0.998710394
1341846234.557961 0.060331132 -0.041381244 0.001032113 0.047391091 -0.003337571 -0.017135806 0.998723805
1341846234.593900 0.060486007 -0.040140368 0.003980737 0.046048190 -0.004241349 -0.015860798 0.998804271
1341846234.658173 0.060434818 -0.041239209 0.005263059 0.045009304 -0.006396523 -0.013997123 0.998868048
1341846234.694104 0.060222555 -0.045323569 0.005415191 0.043979805 -0.007563462 -0.013443909 0.998913288
1341846234.725911 0.066214167 -0.041924201 0.007097954 0.045020498 -0.009850714 -0.011590435 0.998870254
1341846234.758643 0.062101565 -0.044613238 0.001986794 0.045389693 -0.009908419 -0.011856491 0.998849869
1341846234.793907 0.067506529 -0.043438565 0.002387473 0.044710670 -0.010657167 -0.011842116 0.998872936
1341846234.826106 0.068342425 -0.044822205 0.002955854 0.043709766 -0.010692278 -0.012018327 0.998914778
1341846234.862270 0.067237109 -0.047089435 0.007153729 0.043539029 -0.010932066 -0.011873653 0.998921335
1341846234.893971 0.067372024 -0.046409640 0.006138375 0.044840351 -0.011505587 -0.011524600 0.998861432
1341846234.926031 0.063949764 -0.042881336 0.005169694 0.046034537 -0.010961845 -0.012818050 0.998797417
1341846234.961979 0.060926165 -0.046910021 0.004721467 0.045719545 -0.010573422 -0.013774853 0.998803377
1341846234.994016 0.062291913 -0.043723334 0.004437267 0.046904407 -0.011364673 -0.014517335 0.998729229
1341846235.026311 0.063689813 -0.040493779 0.003601425 0.045918439 -0.012303340 -0.014778004 0.998760104
1341846235.061915 0.064211160 -0.043848746 0.002981235 0.043809894 -0.012247852 -0.015405308 0.998845994
1341846235.094075 0.063482635 -0.046158977 0.004193407 0.042776249 -0.011980004 -0.015481180 0.998892903
1341846235.130068 0.055549975 -0.045743547 0.004328024 0.043440677 -0.011247005 -0.015116890 0.998878300
1341846235.162449 0.061078861 -0.048007466 0.004632428 0.044177305 -0.013472447 -0.014112641 0.998833179
1341846235.193917 0.061333958 -0.048846807 0.003369716 0.044707853 -0.014049803 -0.013825253 0.998805642
1341846235.229939 0.063819222 -0.046168558 0.004213056 0.046188578 -0.013740111 -0.014381248 0.998734713
1341846235.261811 0.061096795 -0.048207834 0.007452235 0.046015393 -0.013662188 -0.015081838 0.998733461
1341846235.294134 0.063454889 -0.044889957 0.005718138 0.047599241 -0.014372441 -0.016021512 0.998634577
1341846235.329890 0.065911412 -0.044411141 0.003468893 0.047543861 -0.014654058 -0.016735254 0.998621464
1341846235.361974 0.061555736 -0.038424246 0.001820273 0.046712875 -0.013174230 -0.019392638 0.998633206
1341846235.398097 0.061120927 -0.038476974 0.002769858 0.044411346 -0.013004477 -0.020686099 0.998714507
1341846235.462163 0.065397769 -0.044641737 0.008097937 0.043801121 -0.013941551 -0.020738449 0.998727679
1341846235.498142 0.061550073 -0.040154580 0.005721337 0.043427601 -0.013203861 -0.022655057 0.998712420
1341846235.529989 0.063184433 -0.044587594 0.008084508 0.041819841 -0.013749620 -0.023727370 0.998748720
1341846235.561921 0.062729254 -0.047610942 0.005382479 0.042745207 -0.014149180 -0.023522824 0.998708844
1341846235.597951 0.060381390 -0.044302043 0.004456183 0.043502539 -0.013966905 -0.024069360 0.998665690
1341846235.630160 0.062808193 -0.043011002 0.004894935 0.042600304 -0.014811404 -0.024552396 0.998680651
1341846235.667679 0.060757853 -0.046888221 0.007780702 0.042776000 -0.014985920 -0.023867764 0.998687148
1341846235.705783 0.058166269 -0.045428306 0.005193314 0.044429250 -0.014789570 -0.024584381 0.998600483
1341846235.730392 0.066488788 -0.038780797 0.006040215 0.045903206 -0.016013213 -0.025726810 0.998486161
1341846235.766032 0.064813264 -0.042097513 0.009975924 0.046732917 -0.015796585 -0.025962530 0.998445034
1341846235.797942 0.064971380 -0.038799949 0.007034946 0.048278276 -0.016317461 -0.026064835 0.998360455
1341846235.833964 0.063599169 -0.037847437 0.007300961 0.048865508 -0.015898276 -0.025751824 0.998346746
1341846235.866037 0.067021914 -0.038369451 0.005694363 0.048855457 -0.016485378 -0.024565499 0.998367608
1341846235.898007 0.067363784 -0.039388888 0.006555178 0.049062006 -0.016233880 -0.023054674 0.998397648
1341846235.934106 0.067889802 -0.043303743 0.007248616 0.050559208 -0.015502233 -0.021931689 0.998359859
1341846235.965921 0.071055241 -0.036052559 0.005211587 0.052714460 -0.015083283 -0.021790354 0.998257875
1341846235.997897 0.071879692 -0.037671715 0.004348502 0.051853150 -0.014384730 -0.021698244 0.998315334
1341846236.034072 0.074315526 -0.039682250 0.007771722 0.052184220 -0.013811265 -0.021141957 0.998318136
1341846236.065823 0.069315225 -0.039111167 0.005099901 0.053454533 -0.012542781 -0.021537969 0.998259187
1341846236.101989 0.067114562 -0.034658413 0.002917113 0.053216178 -0.012389967 -0.022255985 0.998258054
1341846236.134258 0.067709498 -0.039552681 0.005016225 0.051932961 -0.012526991 -0.021465899 0.998341262
1341846236.166269 0.066146009 -0.036637772 0.003755581 0.053025898 -0.012329707 -0.021114284 0.998293757
1341846236.202022 0.064279296 -0.033786546 0.000459457 0.052596387 -0.011525259 -0.022102775 0.998304665
1341846236.233893 0.062089082 -0.037574973 0.000128937 0.050103530 -0.010986705 -0.022069404 0.998439729
1341846236.265924 0.065949224 -0.038243506 0.001979036 0.050057989 -0.011408341 -0.020630961 0.998468041
1341846236.302018 0.064561367 -0.038213696 0.003019243 0.050475780 -0.011007605 -0.020571351 0.998452723
1341846236.333756 0.064402759 -0.035733752 -0.000746393 0.050849758 -0.010767885 -0.021275999 0.998421609
1341846236.369949 0.062149167 -0.038187664 0.001664018 0.050143532 -0.009802017 -0.021643806 0.998459339
1341846236.401964 0.067175403 -0.037902948 0.001562313 0.049922731 -0.009968487 -0.021429349 0.998473406
1341846236.433828 0.065920115 -0.042225409 0.000305970 0.049553279 -0.009561407 -0.021951033 0.998484433
1341846236.469948 0.064971782 -0.038662519 0.001116185 0.051137533 -0.008896268 -0.022429254 0.998400092
1341846236.501946 0.066573851 -0.036985122 -0.001063798 0.051766258 -0.008416810 -0.021639038 0.998389304
1341846236.534764 0.067305513 -0.030955493 -0.003168788 0.051524311 -0.007897962 -0.019872217 0.998442769
1341846236.569956 0.068959415 -0.041906651 0.001523893 0.049626898 -0.007642134 -0.017791806 0.998580098
1341846236.601901 0.064903006 -0.040318832 -0.001951752 0.050754398 -0.006601619 -0.017070482 0.998543441
1341846236.637896 0.069387101 -0.032886006 -0.004533625 0.050665349 -0.006526336 -0.018137658 0.998529613
1341846236.669818 0.069483340 -0.038386762 -0.003584278 0.047707692 -0.005529497 -0.018921582 0.998666823
1341846236.702100 0.070270300 -0.045481946 0.000872657 0.046871495 -0.004247822 -0.019536013 0.998700857
1341846236.738521 0.073203839 -0.056933012 -0.001847752 0.050860651 -0.004590890 -0.016418321 0.998560250
1341846236.769905 0.069517456 -0.047385152 -0.002139415 0.061006233 -0.005123395 -0.014658601 0.998016536
1341846236.805999 0.070661880 -0.043142803 -0.004788972 0.063226588 -0.006279362 -0.014336270 0.997876465
1341846236.844067 0.074457653 -0.043454472 -0.000499471 0.062856764 -0.006606219 -0.014920312 0.997889161
1341846236.876573 0.074423604 -0.036653314 -0.005556778 0.062702626 -0.006160182 -0.016959960 0.997869134
1341846236.911899 0.073272660 -0.035487402 -0.001908855 0.059902955 -0.006127080 -0.018517613 0.998013616
1341846236.944484 0.074811280 -0.051171139 -0.000837705 0.057876259 -0.006630936 -0.016970566 0.998157501
1341846236.975811 0.072327562 -0.049054347 -0.004263618 0.059952613 -0.006310337 -0.016069116 0.998051941
1341846237.011848 0.075921133 -0.042152036 -0.005307915 0.060250029 -0.006071227 -0.016939484 0.998021126
1341846237.043850 0.076925360 -0.046623819 -0.003206818 0.058827419 -0.005180527 -0.017775204 0.998096466
1341846237.075882 0.069968633 -0.048364587 -0.003385491 0.059483267 -0.004314013 -0.016055744 0.998090863
1341846237.111887 0.073359020 -0.054543525 -0.003395568 0.061399147 -0.006010575 -0.014096551 0.997995675
1341846237.143863 0.074216932 -0.049796514 -0.005422577 0.064151831 -0.006458681 -0.013830078 0.997823417
1341846237.175838 0.073396385 -0.042204216 -0.007272217 0.064564705 -0.006510043 -0.013377278 0.997802615
1341846237.211847 0.073337168 -0.044860527 -0.005539259 0.062158968 -0.006288134 -0.013286407 0.997958004
1341846237.243895 0.075519092 -0.053356033 -0.004878138 0.061996788 -0.005497094 -0.012595098 0.997981727
1341846237.280228 0.072291426 -0.047248550 -0.006402625 0.063848726 -0.004976376 -0.011497360 0.997880936
1341846237.312079 0.071198344 -0.048784211 -0.004532061 0.063055173 -0.005724820 -0.011112710 0.997931778
1341846237.343828 0.074742407 -0.049333323 -0.005577629 0.063387260 -0.006266236 -0.009958423 0.997919619
1341846237.379983 0.076019011 -0.044246823 -0.005628675 0.063696533 -0.006003642 -0.009429620 0.997906685
1341846237.411962 0.069680996 -0.041484997 -0.008679003 0.062536560 -0.005100471 -0.010555819 0.997973800
1341846237.443790 0.073821709 -0.042404313 -0.005789736 0.060642064 -0.005750600 -0.011711791 0.998074353
1341846237.479911 0.068198442 -0.039736919 -0.006324181 0.059826963 -0.003974037 -0.015010958 0.998087943
1341846237.511862 0.064526588 -0.040654231 -0.006537491 0.058112904 -0.003801292 -0.015760219 0.998178363
1341846237.547914 0.064688921 -0.039480053 -0.005617813 0.056918625 -0.005610450 -0.014785418 0.998253584
1341846237.579956 0.065872557 -0.040580075 -0.004772225 0.056036327 -0.006658345 -0.013832163 0.998310685
1341846237.611852 0.063758157 -0.039338939 -0.005914775 0.055605549 -0.006676218 -0.013702733 0.998336434
1341846237.647976 0.063789673 -0.042032659 -0.005446074 0.054766320 -0.007204730 -0.013599098 0.998380601
1341846237.680417 0.064443737 -0.040495969 -0.003046390 0.054763082 -0.008040018 -0.012995898 0.998382449
1341846237.711902 0.061697472 -0.042917181 -0.003543478 0.054948416 -0.008461320 -0.011756415 0.998384118
1341846237.747860 0.061334595 -0.044252366 -0.006088613 0.056294743 -0.008703726 -0.011880585 0.998305559
1341846237.779848 0.063569449 -0.042122826 -0.004774904 0.056936514 -0.009407585 -0.011728661 0.998264551
1341846237.815934 0.060982704 -0.037856799 -0.006484083 0.056372289 -0.010046759 -0.010857726 0.998300195
1341846237.847966 0.063165002 -0.039955031 -0.006212466 0.054689851 -0.011512884 -0.009948149 0.998387456
1341846237.879781 0.064250335 -0.040250536 -0.007067735 0.054077763 -0.011853048 -0.010262290 0.998413622
1341846237.916026 0.063099042 -0.037829105 -0.008726519 0.053278893 -0.012237288 -0.010921502 0.998444915
1341846237.978064 0.064130045 -0.041910995 -0.007941872 0.051862262 -0.012346989 -0.011105786 0.998516142
1341846238.010069 0.063119069 -0.037077781 -0.008042696 0.051782347 -0.012237914 -0.011697577 0.998514891
1341846238.045995 0.063710868 -0.039276615 -0.007652765 0.049943294 -0.012301138 -0.011371300 0.998611510
1341846238.077963 0.061451621 -0.038078085 -0.005140111 0.049201824 -0.012231871 -0.011529304 0.998647392
1341846238.109791 0.064285927 -0.041078541 -0.003621388 0.048720315 -0.012448651 -0.011080505 0.998673379
1341846238.145837 0.067157589 -0.045690648 -0.004511437 0.049447555 -0.012559234 -0.011199836 0.998634934
1341846238.177943 0.063758098 -0.037441116 -0.006758264 0.051087677 -0.011391386 -0.012521048 0.998550713
1341846238.209943 0.065128669 -0.037588153 -0.004971194 0.049208269 -0.011357589 -0.013220611 0.998636425
1341846238.246227 0.065488286 -0.042070121 -0.003503973 0.048257045 -0.011330089 -0.012924240 0.998687088
1341846238.278227 0.065095797 -0.041955069 -0.004495760 0.048813023 -0.011178070 -0.012737530 0.998664141
1341846238.345918 0.065347582 -0.040422894 -0.002784000 0.048838418 -0.010195446 -0.015943531 0.998627365
1341846238.377978 0.063791089 -0.045410912 -0.002631159 0.049220964 -0.010304218 -0.015101830 0.998620570
1341846238.413879 0.064026721 -0.041958850 -0.002623142 0.050812013 -0.011124723 -0.014577970 0.998539865
1341846238.445979 0.064373381 -0.040137470 -0.004182805 0.051228203 -0.011182200 -0.015928665 0.998497307
1341846238.478188 0.065494046 -0.039845891 -0.002765760 0.050805017 -0.011022685 -0.016600410 0.998509765
1341846238.515328 0.064354233 -0.042798735 -0.003195762 0.050933652 -0.010996317 -0.016794533 0.998500288
1341846238.545906 0.063708268 -0.043788448 -0.004799131 0.051968552 -0.011534832 -0.017139656 0.998435020
1341846238.587827 0.065452203 -0.044564720 -0.004114605 0.052398399 -0.011530521 -0.017479073 0.998406708
1341846238.645944 0.063018896 -0.036631580 -0.003585770 0.051912006 -0.010231271 -0.017610861 0.998443961
1341846238.681933 0.065577701 -0.041994944 -0.004258643 0.050595816 -0.010820996 -0.016842540 0.998518586
1341846238.713917 0.067274474 -0.044139970 -0.003474365 0.051109612 -0.011149320 -0.015826596 0.998505414
1341846238.745925 0.065165237 -0.041007902 -0.005404063 0.052074954 -0.011003567 -0.015542050 0.998461604
1341846238.781932 0.066493608 -0.038939949 -0.004024084 0.051280741 -0.011671470 -0.015792087 0.998491228
1341846238.813869 0.068235211 -0.042204030 -0.002815044 0.049889687 -0.011375112 -0.016719898 0.998549998
1341846238.849931 0.066191323 -0.040565886 0.000122300 0.049157403 -0.010657551 -0.017026898 0.998589039
1341846238.881927 0.065317795 -0.047379009 -0.000098617 0.048661727 -0.011484375 -0.016154923 0.998618603
1341846238.914000 0.061292551 -0.051093932 -0.000168466 0.050670344 -0.012948171 -0.013853502 0.998535395
1341846238.949903 0.062112294 -0.050879687 -0.000940122 0.054336254 -0.014370563 -0.012107060 0.998345852
1341846239.017941 0.066285364 -0.044290915 -0.002483050 0.057485633 -0.014744628 -0.016203148 0.998105943
1341846239.050041 0.066071466 -0.045422487 -0.000574884 0.057491429 -0.014189890 -0.017304776 0.998095155
1341846239.081902 0.064627118 -0.047169331 -0.001617810 0.057666983 -0.014112843 -0.018513178 0.998064458
1341846239.117866 0.067786939 -0.046859264 -0.001944101 0.058355708 -0.014366318 -0.019429704 0.998003364
1341846239.149976 0.065021880 -0.044093974 -0.002597672 0.059221286 -0.013278236 -0.020474583 0.997946560
1341846239.181897 0.064453289 -0.039439656 -0.005144569 0.058970310 -0.012895823 -0.019985180 0.997976363
1341846239.217929 0.062898152 -0.040761542 -0.003493697 0.056860987 -0.013107762 -0.020497648 0.998085618
1341846239.250009 0.065610737 -0.041781027 -0.002639795 0.055668619 -0.012949852 -0.020586858 0.998153031
1341846239.285917 0.064341463 -0.040365566 -0.000488189 0.054905351 -0.012026580 -0.020405792 0.998210609
1341846239.318442 0.064778186 -0.037005439 -0.001996843 0.054194219 -0.011478109 -0.020742996 0.998248935
1341846239.349930 0.065660425 -0.041324578 -0.001133219 0.052121986 -0.011115244 -0.019681480 0.998384893
1341846239.386011 0.062835470 -0.040134460 -0.000228671 0.052444015 -0.010210055 -0.019118583 0.998388588
1341846239.417983 0.061560158 -0.038611788 -0.001831663 0.052706338 -0.010134477 -0.019026151 0.998377323
1341846239.450112 0.063124180 -0.037444863 -0.001096235 0.052036241 -0.010363572 -0.018646674 0.998417258
1341846239.485973 0.062749930 -0.035306390 -0.000775104 0.051337842 -0.010030383 -0.018170923 0.998465598
1341846239.517913 0.062581219 -0.036922771 -0.003232819 0.049987230 -0.009533298 -0.017645339 0.998548448
1341846239.553979 0.062756076 -0.037108067 -0.001585579 0.048947114 -0.009586913 -0.017368147 0.998604298
1341846239.585911 0.064849012 -0.037974812 -0.001116495 0.047794141 -0.009794910 -0.016292464 0.998676300
1341846239.617967 0.064176247 -0.038832422 0.000527399 0.048058871 -0.009562989 -0.015696457 0.998675406
1341846239.653941 0.062931642 -0.037394695 0.000229822 0.049207203 -0.009501798 -0.014547696 0.998637438
1341846239.685852 0.062645219 -0.038051534 -0.000670617 0.049268223 -0.009695591 -0.014947701 0.998626709
1341846239.717923 0.063200518 -0.037385430 -0.000933717 0.048967890 -0.010459444 -0.014182092 0.998644888
1341846239.753857 0.064694799 -0.040099900 0.000955383 0.048665877 -0.010602902 -0.013808426 0.998663366
1341846239.785918 0.063066810 -0.035786454 0.000741749 0.048390154 -0.010543389 -0.013542145 0.998681068
1341846239.821950 0.061092049 -0.040441599 0.003003340 0.047535606 -0.010875413 -0.013518845 0.998718858
1341846239.854023 0.061515536 -0.040336430 0.002588541 0.048985109 -0.011125269 -0.013018295 0.998652697
1341846239.891801 0.064596944 -0.035614353 0.001958011 0.049304705 -0.011682230 -0.013452285 0.998624861
1341846239.953963 0.063115083 -0.038992614 0.003128984 0.048369542 -0.011280061 -0.014319893 0.998663187
1341846239.985997 0.061572198 -0.037469041 0.001577112 0.049045611 -0.011549327 -0.014751426 0.998620868
1341846240.022055 0.062952489 -0.037512634 0.002152415 0.048978709 -0.012101192 -0.016681017 0.998587191
1341846240.053998 0.062725306 -0.040363144 0.004264943 0.049229842 -0.011873681 -0.016885972 0.998574138
1341846240.089841 0.062169917 -0.041007362 0.006842901 0.050436262 -0.011866702 -0.016563972 0.998519421
1341846240.121795 0.059914146 -0.037820760 0.005019271 0.051559854 -0.012049675 -0.017482374 0.998444200
1341846240.159862 0.065051131 -0.042938847 0.001956616 0.052338026 -0.012427937 -0.018447358 0.998381674
1341846240.195884 0.064797208 -0.039644845 0.001192675 0.053559102 -0.011925195 -0.018696390 0.998318434
1341846240.227927 0.063092366 -0.040346812 0.001963682 0.053505857 -0.011996690 -0.018293077 0.998327851
1341846240.290031 0.064634696 -0.040719975 0.003068832 0.054851804 -0.012609890 -0.017282279 0.998265326
1341846240.322206 0.061469179 -0.040004946 0.001561065 0.054609876 -0.012577875 -0.017266514 0.998279274
1341846240.357948 0.062189743 -0.040431816 0.000746648 0.053579677 -0.013232036 -0.016658954 0.998336911
1341846240.422212 0.061454192 -0.039807416 0.002062316 0.056139626 -0.013087610 -0.018053500 0.998173892
1341846240.458143 0.065508969 -0.037660617 -0.003763658 0.056512251 -0.013927239 -0.017780593 0.998146415
1341846240.490243 0.067851521 -0.038208336 -0.005265118 0.056117810 -0.015276386 -0.017736934 0.998149693
1341846240.525976 0.066759668 -0.038222820 -0.000117856 0.057029229 -0.015758101 -0.018331174 0.998079836
1341846240.557894 0.066419527 -0.036821276 -0.001505177 0.058423791 -0.015664825 -0.019864228 0.997971237
1341846240.590418 0.066700004 -0.038572680 -0.004184923 0.058078960 -0.015886469 -0.019715510 0.997990847
1341846240.626172 0.065987371 -0.038743559 -0.003626754 0.058406275 -0.016489971 -0.019840881 0.997959495
1341846240.657964 0.066156745 -0.038110178 -0.002193703 0.058956116 -0.016910600 -0.020183681 0.997913241
1341846240.689825 0.067833766 -0.037876733 -0.001766962 0.060067747 -0.017220821 -0.020873750 0.997827411
1341846240.725903 0.067061231 -0.039590888 -0.002267238 0.059284214 -0.017505582 -0.020675400 0.997873485
1341846240.757973 0.066592492 -0.039962426 0.000108663 0.059779420 -0.017844588 -0.020717362 0.997837067
1341846240.794024 0.067520089 -0.041463275 0.003933132 0.060817853 -0.018215742 -0.019959953 0.997783005
1341846240.826068 0.063983537 -0.035922620 -0.006166869 0.062365256 -0.017598081 -0.021020772 0.997676849
1341846240.858147 0.066247657 -0.037722159 -0.003881650 0.061081972 -0.017709950 -0.021017252 0.997754276
1341846240.894038 0.067679144 -0.038283702 -0.003962160 0.060014583 -0.017932005 -0.020742824 0.997820854
1341846240.925975 0.065011553 -0.037567191 -0.001609551 0.059885237 -0.017488033 -0.020932280 0.997832537
1341846240.958080 0.068215474 -0.034276176 -0.003000682 0.060033388 -0.018154349 -0.020000823 0.997830808
1341846240.994099 0.067608714 -0.035710827 -0.001400773 0.059543815 -0.018079404 -0.020168001 0.997858167
1341846241.026041 0.068850659 -0.038810648 -0.000286132 0.059999377 -0.018281529 -0.020047203 0.997829616
1341846241.062449 0.066573918 -0.035404500 -0.002238726 0.061232582 -0.017678747 -0.021737834 0.997730196
1341846241.094372 0.066794172 -0.034579493 -0.003259047 0.060020633 -0.017661674 -0.021659834 0.997805774
1341846241.126068 0.065648802 -0.033915374 -0.001906110 0.059684288 -0.017495263 -0.022451524 0.997811437
1341846241.167863 0.066487134 -0.038547646 -0.001079407 0.060450766 -0.017602315 -0.021678334 0.997780502
1341846241.230127 0.067356594 -0.037208203 -0.001490443 0.060030594 -0.017658532 -0.023544645 0.997762561
1341846241.261868 0.065160066 -0.037891500 -0.001899231 0.060607687 -0.017423160 -0.023640076 0.997729599
1341846241.295211 0.066027492 -0.036926314 -0.006031242 0.060630053 -0.017823994 -0.024307514 0.997705102
1341846241.329804 0.068262041 -0.037183780 -0.005253738 0.060023196 -0.017970616 -0.025335314 0.997713566
1341846241.362000 0.066246405 -0.038069021 -0.005626891 0.059586283 -0.017210014 -0.025646634 0.997745216
1341846241.394012 0.066526249 -0.037837185 -0.004884538 0.059675910 -0.017347800 -0.025586406 0.997739017
1341846241.430126 0.067070618 -0.037172724 -0.004742503 0.060013216 -0.017566353 -0.025617488 0.997714162
1341846241.462018 0.066559441 -0.036691479 -0.005995348 0.060072888 -0.017467538 -0.025939291 0.997703969
1341846241.497907 0.066087052 -0.037838046 -0.005172139 0.059833452 -0.017177213 -0.026026737 0.997721136
1341846241.529930 0.066434041 -0.038081162 -0.005074720 0.059614114 -0.017288996 -0.026158080 0.997728884
1341846241.562493 0.065606430 -0.037160572 -0.005105068 0.059228506 -0.017423412 -0.026410252 0.997742891
1341846241.598412 0.065944463 -0.038642205 -0.004371854 0.059435222 -0.017527664 -0.026417052 0.997728586
1341846241.629998 0.065889619 -0.038112216 -0.005283211 0.059680179 -0.017277570 -0.026035521 0.997728348
1341846241.662234 0.066235319 -0.037605431 -0.004800992 0.059896566 -0.017398247 -0.026104597 0.997711539
1341846241.698098 0.065706171 -0.037399050 -0.005843155 0.060070351 -0.017087940 -0.026050348 0.997707844
1341846241.729805 0.065901026 -0.037491061 -0.006720807 0.059783340 -0.017145813 -0.026065074 0.997723699
1341846241.765805 0.065804981 -0.037865564 -0.005863772 0.059851941 -0.017182892 -0.026699373 0.997702181
1341846241.797970 0.065598868 -0.037007857 -0.005245795 0.060629323 -0.017061433 -0.026860870 0.997652948
1341846241.830240 0.066289425 -0.037493769 -0.006525937 0.060673475 -0.017127955 -0.027045654 0.997644186
1341846241.865867 0.065371387 -0.036905468 -0.006562065 0.060587861 -0.017069696 -0.027223326 0.997645557
1341846241.898156 0.066645704 -0.036994841 -0.005593021 0.060767546 -0.017196920 -0.026871642 0.997641981
1341846241.929917 0.066033050 -0.036441028 -0.007367146 0.061510678 -0.016892748 -0.027127108 0.997594714
1341846241.965882 0.066605575 -0.036090098 -0.008752519 0.061074253 -0.016816249 -0.027705479 0.997606933
1341846241.998017 0.066532142 -0.037049077 -0.006982503 0.060711652 -0.016996942 -0.027424140 0.997633755
1341846242.034019 0.066023111 -0.036330778 -0.007745993 0.061181255 -0.016795905 -0.026596969 0.997630894
1341846242.066365 0.066546507 -0.036309876 -0.007453201 0.061650332 -0.016673625 -0.027054531 0.997591734
1341846242.097916 0.065139815 -0.036843147 -0.006566858 0.062737651 -0.016560810 -0.026437996 0.997542381
1341846242.133980 0.066130042 -0.036890447 -0.006632142 0.063618451 -0.016578929 -0.025995763 0.997497916
1341846242.165895 0.066923037 -0.036317524 -0.007918244 0.064236246 -0.016500389 -0.026491139 0.997446597
1341846242.197924 0.066298358 -0.037536290 -0.006956885 0.064416260 -0.016443070 -0.027432147 0.997410476
1341846242.234487 0.066526823 -0.036312483 -0.006355322 0.065937720 -0.016248919 -0.026900003 0.997328699
1341846242.269588 0.066107467 -0.036996488 -0.005818787 0.066747114 -0.016189419 -0.027013175 0.997272789
1341846242.301972 0.067742556 -0.035742283 -0.007857438 0.066454999 -0.016101178 -0.028020443 0.997265935
1341846242.333996 0.066468500 -0.037290882 -0.004710631 0.066467553 -0.016038740 -0.027563412 0.997278869
1341846242.366000 0.065948792 -0.037254218 -0.005481719 0.067346677 -0.015776822 -0.027148392 0.997235417
1341846242.401903 0.065904021 -0.037305865 -0.006041653 0.067198135 -0.015968364 -0.026967907 0.997247279
1341846242.433933 0.065527573 -0.036604878 -0.006444633 0.067443296 -0.015691238 -0.027556702 0.997219026
1341846242.469883 0.066111349 -0.035722431 -0.006843431 0.068690225 -0.015346461 -0.027519109 0.997140348
1341846242.501972 0.065758824 -0.036705900 -0.007501242 0.068817236 -0.015458115 -0.027844932 0.997120798
1341846242.534063 0.066060945 -0.037022006 -0.007227043 0.068122432 -0.015606714 -0.028369589 0.997151375
1341846242.569931 0.065464742 -0.036070507 -0.007946913 0.068198316 -0.014969097 -0.028600452 0.997149408
1341846242.602000 0.065779760 -0.036080230 -0.009408692 0.068125024 -0.015051953 -0.027984109 0.997170627
1341846242.634077 0.066258527 -0.036029488 -0.010040291 0.067186721 -0.015221224 -0.028064514 0.997229457
1341846242.670215 0.065744102 -0.036483251 -0.008409524 0.066699035 -0.015071671 -0.027901497 0.997269094
1341846242.701929 0.066953890 -0.035739288 -0.010025492 0.066506580 -0.015085975 -0.028011322 0.997278631
1341846242.737996 0.066370539 -0.035847403 -0.009841185 0.066068821 -0.015493860 -0.028364098 0.997291505
1341846242.769937 0.066505417 -0.035375290 -0.009317814 0.066859499 -0.015682649 -0.028423224 0.997234166
1341846242.808080 0.066082053 -0.035517845 -0.010901919 0.066984832 -0.015417856 -0.029056650 0.997211635
1341846242.869936 0.065913036 -0.036009192 -0.010375424 0.065489464 -0.015662687 -0.029914690 0.997281790
1341846242.902131 0.065993533 -0.035724878 -0.010542993 0.065610692 -0.015531108 -0.030173702 0.997268081
1341846242.938061 0.065719023 -0.035897132 -0.010078814 0.066095069 -0.015806124 -0.030315889 0.997227430
1341846242.969969 0.066612415 -0.035046186 -0.009011774 0.067066826 -0.016599087 -0.030365881 0.997148156
1341846243.005810 0.066730633 -0.034197710 -0.011141008 0.067773469 -0.016860105 -0.030028556 0.997106194
1341846243.038095 0.066561215 -0.034721218 -0.011623440 0.067362025 -0.017367212 -0.029569667 0.997139096
1341846243.070041 0.067654625 -0.034274846 -0.013872538 0.066292442 -0.017945323 -0.030007387 0.997187436
1341846243.106059 0.065912597 -0.034855403 -0.012883020 0.065213181 -0.017675020 -0.030917129 0.997235656
1341846243.137899 0.066123910 -0.034363616 -0.012522533 0.065572485 -0.017417992 -0.030220542 0.997237980
1341846243.169985 0.066106655 -0.034965597 -0.012593020 0.065690957 -0.017640827 -0.029893186 0.997236133
1341846243.206007 0.066728048 -0.033660494 -0.014660307 0.065647118 -0.017617047 -0.030655716 0.997216284
1341846243.237999 0.067131132 -0.033459198 -0.014468066 0.064861014 -0.017073218 -0.031511348 0.997250557
1341846243.274026 0.066006877 -0.034357682 -0.012462706 0.064577520 -0.016487485 -0.031743940 0.997271419
1341846243.305879 0.066669837 -0.034546182 -0.012338978 0.065301605 -0.016659250 -0.032414179 0.997199833
1341846243.338022 0.066127054 -0.034639124 -0.012715042 0.066208854 -0.016350722 -0.032459680 0.997143626
1341846243.374348 0.066413514 -0.034854457 -0.011981438 0.067091197 -0.016525147 -0.032050341 0.997095048
1341846243.405837 0.067344107 -0.034378503 -0.013103242 0.067429490 -0.017325120 -0.031975336 0.997061014
1341846243.442193 0.066885345 -0.034685902 -0.012886245 0.067573600 -0.017330812 -0.032011505 0.997049987
1341846243.473902 0.066495404 -0.035232771 -0.011698994 0.067770876 -0.017100770 -0.032351941 0.997029603
1341846243.505839 0.066804141 -0.034906179 -0.011989021 0.067825168 -0.017505912 -0.031977043 0.997030973
1341846243.542001 0.067475885 -0.035368055 -0.012943054 0.067290835 -0.017742971 -0.032534931 0.997044921
1341846243.574058 0.066614419 -0.034957465 -0.013172105 0.067297757 -0.017088141 -0.032127395 0.997069120
1341846243.605841 0.066795759 -0.034733001 -0.011581173 0.067929544 -0.016691830 -0.032066084 0.997034967
1341846243.642015 0.066500962 -0.034970973 -0.012838747 0.068468273 -0.016587224 -0.031669777 0.997012556
1341846243.673926 0.066637717 -0.034471050 -0.013482558 0.068300806 -0.016713677 -0.031682931 0.997021437
1341846243.710095 0.066169545 -0.033836231 -0.013501640 0.068636663 -0.016182875 -0.031681880 0.997007191
1341846243.741951 0.067347869 -0.033877224 -0.014781625 0.068640500 -0.016922822 -0.032175269 0.996978819
1341846243.774067 0.067301989 -0.034687012 -0.014456611 0.067857996 -0.017078886 -0.032675993 0.997013450
1341846243.809881 0.066044316 -0.034651481 -0.012713240 0.067494325 -0.016308248 -0.032471672 0.997057736
1341846243.841971 0.066269770 -0.035072677 -0.010322817 0.068112895 -0.016555045 -0.031625815 0.997038782
1341846243.874062 0.067934982 -0.034219161 -0.013080881 0.068837069 -0.017375663 -0.031193012 0.996988714
1341846243.910022 0.067943096 -0.034075234 -0.013660073 0.069428623 -0.017145121 -0.032230750 0.996918678
1341846243.978045 0.069010481 -0.033276193 -0.015794147 0.069427744 -0.016052071 -0.032457970 0.996929586
1341846244.009892 0.068732470 -0.033497963 -0.014429853 0.068607010 -0.015938137 -0.032103714 0.996999681
1341846244.042105 0.068895489 -0.032673158 -0.014996785 0.069707148 -0.015694175 -0.031563774 0.996944487
1341846244.077884 0.068973571 -0.032728340 -0.014899199 0.070302509 -0.015608850 -0.030766122 0.996928990
1341846244.115904 0.067969061 -0.034001566 -0.015668785 0.069357745 -0.015504516 -0.030768733 0.996996641
1341846244.151850 0.067781903 -0.034186266 -0.014508219 0.068814084 -0.015284893 -0.030344354 0.997050762
1341846244.184334 0.068512611 -0.032337442 -0.015676448 0.070224799 -0.015271624 -0.029624537 0.996974230
1341846244.215953 0.068361998 -0.032347791 -0.019381961 0.069865257 -0.015142734 -0.029593779 0.997002363
1341846244.251877 0.069388516 -0.032959022 -0.016063044 0.069241449 -0.015406080 -0.029752303 0.997037172
1341846244.283880 0.067560501 -0.032606643 -0.016251335 0.070365980 -0.015139505 -0.029293854 0.996976078
1341846244.316068 0.068189681 -0.032369930 -0.020482063 0.070679486 -0.015677432 -0.029823387 0.996929884
1341846244.351999 0.067720219 -0.032516837 -0.019966053 0.070452258 -0.016046101 -0.029732298 0.996942818
1341846244.384040 0.067778729 -0.031305313 -0.020190977 0.071039356 -0.016633093 -0.029000802 0.996913075
1341846244.419869 0.067728244 -0.032691333 -0.017807586 0.071068324 -0.016395260 -0.029195646 0.996909261
1341846244.451888 0.067904666 -0.032885075 -0.017526198 0.070267774 -0.015737489 -0.029832931 0.996957719
1341846244.483871 0.067916267 -0.033747379 -0.015970448 0.069202371 -0.014949746 -0.029854359 0.997043729
1341846244.519923 0.067005403 -0.032985408 -0.014327739 0.069540478 -0.014187498 -0.029915091 0.997029543
1341846244.551942 0.066891097 -0.033291664 -0.014728378 0.070388876 -0.013342811 -0.029290540 0.997000217
1341846244.583892 0.065449737 -0.032949034 -0.014836180 0.070754662 -0.012543394 -0.027287148 0.997041583
1341846244.619870 0.067708880 -0.033903211 -0.015721859 0.070578746 -0.012769996 -0.025634624 0.997094989
1341846244.651850 0.067160167 -0.033714790 -0.014490167 0.071086183 -0.012579879 -0.024386782 0.997092664
1341846244.683815 0.067534320 -0.033475984 -0.015034918 0.072128601 -0.012464783 -0.023081085 0.997050345
1341846244.719873 0.067277908 -0.035318967 -0.014451512 0.071609698 -0.011784323 -0.023389684 0.997088790
1341846244.751827 0.066907637 -0.036362119 -0.012286359 0.071033351 -0.010977132 -0.023904130 0.997127056
1341846244.788300 0.067163765 -0.036070887 -0.011825156 0.072104685 -0.010632725 -0.023832999 0.997055590
1341846244.820099 0.067278311 -0.031883273 -0.015440722 0.073322780 -0.009861873 -0.024860982 0.996949613
1341846244.851973 0.067990266 -0.032128837 -0.012470288 0.075205177 -0.009074357 -0.024862202 0.996816814
1341846244.887873 0.068113737 -0.032324471 -0.015499269 0.076837614 -0.007790533 -0.024675334 0.996707797
1341846244.920072 0.066899233 -0.031375736 -0.014167946 0.077138685 -0.006331025 -0.024768779 0.996692598
1341846244.952621 0.067486994 -0.031556502 -0.012844681 0.077730581 -0.005630521 -0.024644103 0.996653914
1341846244.987985 0.067556925 -0.031203957 -0.015456339 0.078543663 -0.005191864 -0.022553051 0.996642053
1341846245.020060 0.069809385 -0.030547135 -0.019427568 0.077611320 -0.005427111 -0.021683749 0.996733069
1341846245.051869 0.067118704 -0.031659037 -0.014657932 0.075948998 -0.004081133 -0.023096152 0.996835828
1341846245.088236 0.065350838 -0.033308815 -0.015248642 0.074716240 -0.002875177 -0.022671774 0.996942937
1341846245.119935 0.069373637 -0.033222422 -0.016652657 0.074379109 -0.003467944 -0.022677742 0.996966124
1341846245.151835 0.068866327 -0.033040106 -0.015830664 0.074648209 -0.003126993 -0.023380894 0.996930897
1341846245.187889 0.067578509 -0.032787483 -0.014851125 0.075323626 -0.002847135 -0.023763997 0.996871889
1341846245.219842 0.066005297 -0.033940181 -0.011994251 0.075286940 -0.002636198 -0.022933656 0.996894658
1341846245.256030 0.068016849 -0.032249443 -0.014789362 0.074801445 -0.002812382 -0.023785669 0.996910751
1341846245.287962 0.066492394 -0.034267038 -0.009163829 0.074513555 -0.002135737 -0.024170611 0.996924758
1341846245.319885 0.066363141 -0.033671159 -0.012169896 0.074411109 -0.002114847 -0.025461292 0.996900320
1341846245.355859 0.067193493 -0.033243544 -0.013053102 0.074336112 -0.002769108 -0.025449110 0.996904612
1341846245.387919 0.070123263 -0.033804256 -0.013378004 0.074209295 -0.003527043 -0.025817700 0.996902168
1341846245.423977 0.067159310 -0.032980807 -0.010547001 0.074944474 -0.002712104 -0.026427085 0.996833801
1341846245.455822 0.066395335 -0.034208197 -0.009012788 0.075090207 -0.002454107 -0.027517585 0.996793985
1341846245.487804 0.065953314 -0.033718348 -0.011934660 0.075360708 -0.002716488 -0.026803929 0.996792316
1341846245.523916 0.069084838 -0.035272855 -0.012052038 0.075199932 -0.003260798 -0.026807938 0.996802747
1341846245.555797 0.069091611 -0.033710212 -0.012627726 0.075434804 -0.003003232 -0.027249364 0.996773779
1341846245.591988 0.068359978 -0.033364356 -0.009446226 0.076195069 -0.002854037 -0.026796758 0.996728718
1341846245.623837 0.069122486 -0.035409156 -0.009151611 0.077160351 -0.003545496 -0.025918823 0.996675432
1341846245.655890 0.068412893 -0.034668669 -0.011048767 0.077224247 -0.003143001 -0.026096942 0.996667206
1341846245.692060 0.067278497 -0.034556895 -0.013165759 0.076596044 -0.002226021 -0.027110051 0.996691108
1341846245.724517 0.067783661 -0.034882180 -0.009115806 0.077060722 -0.002223052 -0.026436152 0.996673346
1341846245.760068 0.066616789 -0.035353754 -0.008761038 0.078176722 -0.001907087 -0.025793020 0.996603966
1341846245.791914 0.068560921 -0.035476632 -0.007050841 0.078382559 -0.001915833 -0.025593676 0.996592939
1341846245.824142 0.069487616 -0.036768928 -0.003256058 0.077805981 -0.001257067 -0.025606789 0.996638834
1341846245.860005 0.069674112 -0.037720684 -0.006096582 0.077265456 -0.001019128 -0.024864443 0.996699989
1341846245.891878 0.067042485 -0.036002800 -0.008524734 0.076496549 -0.000451040 -0.025066830 0.996754587
1341846245.927903 0.065993682 -0.035647463 -0.008976717 0.076956302 0.000650118 -0.025857382 0.996698916
1341846245.986182 0.066624582 -0.035257921 -0.009952359 0.077706389 0.000252885 -0.025037708 0.996661842
1341846246.022057 0.065690614 -0.035787854 -0.008505697 0.078421645 0.000053997 -0.024618603 0.996616244
1341846246.053871 0.065699406 -0.033844423 -0.007700567 0.079979472 0.000016499 -0.025004266 0.996482849
1341846246.085916 0.066411920 -0.033845883 -0.008850691 0.081348643 -0.001188126 -0.024048746 0.996394813
1341846246.121806 0.068395846 -0.034217570 -0.009202072 0.081964061 -0.002750466 -0.024045395 0.996341348
1341846246.153949 0.069310263 -0.034252118 -0.006988787 0.082887925 -0.003042387 -0.026629971 0.996198356
1341846246.222002 0.067867205 -0.035147786 -0.011055419 0.082671091 -0.002837352 -0.028155955 0.996174991
1341846246.253984 0.068680868 -0.032781340 -0.011634829 0.082998067 -0.003024433 -0.030196704 0.996087492
1341846246.289808 0.067318194 -0.035137925 -0.010493653 0.084001966 -0.002160087 -0.030854980 0.995985448
1341846246.322001 0.066415496 -0.033678677 -0.012557555 0.083452001 -0.000987587 -0.031755768 0.996005237
1341846246.353946 0.068593808 -0.034137592 -0.013396047 0.081681520 -0.000562677 -0.033274781 0.996102691
1341846246.389885 0.068648279 -0.035412673 -0.009743973 0.080439806 0.000281714 -0.033562422 0.996194184
1341846246.421855 0.068152696 -0.035490204 -0.008728978 0.080688134 0.000782765 -0.031074360 0.996254623
1341846246.457915 0.066953279 -0.034033276 -0.012786767 0.080246866 0.000960969 -0.028691594 0.996361554
1341846246.489829 0.068511449 -0.034973711 -0.010427919 0.079054639 0.001650878 -0.027499195 0.996489584
1341846246.521912 0.068597265 -0.034541588 -0.011897556 0.078033827 0.003596543 -0.027691679 0.996559560
1341846246.558038 0.065881334 -0.035777643 -0.008947383 0.077408805 0.005536178 -0.028283650 0.996582806
1341846246.589826 0.065887429 -0.036236539 -0.008117464 0.077772133 0.006087320 -0.027030818 0.996586025
1341846246.622033 0.067584619 -0.035940122 -0.007803840 0.077982649 0.005547795 -0.024431765 0.996639848
1341846246.658046 0.067035079 -0.034662131 -0.011329505 0.077448189 0.005093933 -0.023481829 0.996706784
1341846246.689939 0.066062734 -0.036019351 -0.008298987 0.076902345 0.004636531 -0.024080399 0.996737003
1341846246.725903 0.067213990 -0.034951735 -0.010697637 0.076835416 0.004101641 -0.024742724 0.996728301
1341846246.757894 0.066879407 -0.035194475 -0.011301904 0.076148957 0.004149518 -0.025293808 0.996766925
1341846246.789989 0.066629142 -0.035854738 -0.009174268 0.075434178 0.004507401 -0.026476063 0.996789038
1341846246.826059 0.066037208 -0.036399808 -0.006758101 0.075469494 0.004060480 -0.025976142 0.996801436
1341846246.857869 0.066278189 -0.036907557 -0.005554367 0.076496281 0.003727429 -0.026665358 0.996706247
1341846246.893944 0.065519683 -0.036378510 -0.008086266 0.076444551 0.003256243 -0.025829164 0.996733904
1341846246.925896 0.065174811 -0.036373734 -0.009758528 0.075692981 0.002630608 -0.024964500 0.996815145
1341846246.958090 0.068763703 -0.035037585 -0.007859480 0.076102942 0.002077533 -0.025359267 0.996775270
1341846246.993936 0.066767149 -0.036151774 -0.008248395 0.075659268 0.001928929 -0.025641970 0.996802092
1341846247.026204 0.065164171 -0.037031077 -0.006043050 0.075619631 0.002062281 -0.026941089 0.996770561
1341846247.057936 0.065976210 -0.036897939 -0.005924209 0.076495275 0.001812037 -0.028505230 0.996660709
1341846247.093899 0.065887772 -0.036306165 -0.007437914 0.077424966 0.001598339 -0.027818702 0.996608675
1341846247.126028 0.066826835 -0.035548192 -0.008837059 0.077169128 0.000628734 -0.026962355 0.996653199
1341846247.162093 0.065941453 -0.036564499 -0.005954513 0.077917196 0.000552430 -0.026467629 0.996608257
1341846247.194072 0.066391483 -0.037293959 -0.001713600 0.081215315 0.001696689 -0.024882758 0.996384501
1341846247.225977 0.066201992 -0.037005808 -0.005456033 0.082281932 0.001905719 -0.023105541 0.996339381
1341846247.261953 0.065554298 -0.036934964 -0.005343162 0.085397273 0.002733469 -0.023976451 0.996054709
1341846247.293957 0.064879030 -0.037290093 -0.005091705 0.089712910 0.003540772 -0.023496903 0.995684147
1341846247.325987 0.066322967 -0.035906348 -0.008494011 0.090577528 0.002950957 -0.023077723 0.995617628
1341846247.361940 0.067443289 -0.036237352 -0.008069742 0.088497974 0.001659165 -0.022774160 0.995814621
1341846247.430187 0.066427760 -0.036796756 -0.007278605 0.084236026 0.000847067 -0.022701045 0.996186852
1341846247.462223 0.066104539 -0.036678322 -0.006535654 0.083576575 0.000004902 -0.024292307 0.996205211
1341846247.493952 0.065407090 -0.036816474 -0.006160687 0.083687335 -0.000208392 -0.024819301 0.996182919
1341846247.530027 0.066035993 -0.036893882 -0.006304823 0.084420092 -0.000025916 -0.025244467 0.996110439
1341846247.562209 0.065141596 -0.036063362 -0.003565074 0.087071411 0.000369568 -0.023827124 0.995917022
1341846247.594166 0.066157728 -0.037553221 -0.004851989 0.088297866 -0.000100417 -0.022467369 0.995840728
1341846247.630035 0.065357633 -0.036870897 -0.007599683 0.086908065 -0.000862674 -0.022299370 0.995966375
1341846247.662701 0.063942522 -0.037835181 -0.004635591 0.085767075 -0.000871702 -0.021755008 0.996077299
1341846247.697913 0.064460620 -0.037239034 -0.005440539 0.086650044 -0.000172849 -0.019969238 0.996038675
1341846247.730051 0.066028520 -0.037220851 -0.004972244 0.085379064 -0.001547293 -0.019120261 0.996163845
1341846247.762180 0.066305883 -0.036318183 -0.001378396 0.086504132 -0.001926002 -0.018803373 0.996072173
1341846247.798768 0.064376138 -0.038623489 -0.001647314 0.087947749 -0.001203639 -0.016198821 0.995992661
1341846247.830259 0.065272741 -0.037466273 -0.005524589 0.086664729 -0.001545975 -0.015476014 0.996116161
1341846247.865875 0.063851908 -0.037845150 -0.004201292 0.084963374 -0.001267129 -0.016045095 0.996254086
1341846247.898157 0.062744215 -0.038534109 -0.001941161 0.087380633 0.000341758 -0.015896622 0.996048093
1341846247.930002 0.064384460 -0.037914477 -0.004385881 0.088433743 -0.001616328 -0.014537209 0.995974660
1341846247.966006 0.065078862 -0.037393007 -0.004201724 0.087451741 -0.004157711 -0.013822319 0.996064186
1341846247.998062 0.066736206 -0.037565932 -0.000852550 0.089573957 -0.003970698 -0.014059950 0.995873034
1341846248.030615 0.067327105 -0.039995052 -0.000658416 0.090531930 -0.003529585 -0.014398086 0.995783210
1341846248.065891 0.065745018 -0.038218256 -0.003290780 0.089798622 -0.003162580 -0.014268475 0.995852709
1341846248.098211 0.063080817 -0.038983241 -0.002348143 0.088526629 -0.001501127 -0.015680347 0.995949268
1341846248.133929 0.062841862 -0.038635105 -0.002855118 0.090563789 0.003002279 -0.018789290 0.995708883
1341846248.166050 0.064814791 -0.037043020 -0.007014473 0.089731388 0.003669031 -0.018861426 0.995780647
1341846248.198024 0.062475979 -0.038810045 -0.002586093 0.088461198 0.004464914 -0.020057723 0.995867670
1341846248.233930 0.063556619 -0.037649430 -0.004347424 0.090522684 0.003966156 -0.019717829 0.995691299
1341846248.265968 0.061675075 -0.039302498 -0.001353362 0.090843223 0.005768812 -0.021190595 0.995623052
1341846248.297927 0.063497968 -0.038574558 -0.002600727 0.088727757 0.005005952 -0.024291843 0.995747089
1341846248.333956 0.063264914 -0.038390938 -0.002824561 0.089111201 0.004402888 -0.026553681 0.995657921
1341846248.366013 0.064808287 -0.038390215 -0.002310809 0.090612918 0.003969087 -0.026780698 0.995518088
1341846248.402093 0.063817479 -0.038225960 -0.003375596 0.090269782 0.003542363 -0.026039673 0.995570540
1341846248.433862 0.065182664 -0.038099647 -0.003047688 0.090516649 0.003206619 -0.026935738 0.995525420
1341846248.466804 0.059787415 -0.042032808 0.005509683 0.090933993 0.006350227 -0.027311511 0.995462120
1341846248.502139 0.064335227 -0.038390562 -0.004102321 0.089270718 0.003868177 -0.027711350 0.995614350
1341846248.534215 0.062780142 -0.039376255 -0.000317704 0.087014146 0.002284046 -0.026158074 0.995860994
1341846248.565971 0.062679186 -0.039266713 -0.000843484 0.088893056 0.002371955 -0.027006721 0.995672166
1341846248.602003 0.065842994 -0.038168799 -0.005611596 0.087806880 0.002388343 -0.026848050 0.995772779
1341846248.640295 0.066539533 -0.039269611 0.003157532 0.086771138 0.002912093 -0.028088516 0.995827973
1341846248.675831 0.067960247 -0.038629662 0.007024291 0.090050615 0.003534748 -0.027563425 0.995549381
1341846248.708095 0.063713409 -0.040465653 -0.000039224 0.090795502 0.005019136 -0.027259413 0.995483756
1341846248.740085 0.062376533 -0.040175114 0.001179632 0.090360112 0.004898464 -0.027018560 0.995530546
1341846248.802167 0.063260689 -0.039622288 -0.001524313 0.092894740 0.003801191 -0.026658794 0.995311737
1341846248.833950 0.061118923 -0.040789813 0.002565555 0.092578851 0.004546612 -0.027827380 0.995306015
1341846248.869901 0.061268385 -0.040926378 0.002694590 0.093753360 0.003896243 -0.027556898 0.995206356
1341846248.901932 0.061345849 -0.041443229 0.003772613 0.095498420 0.004592907 -0.027218353 0.995046794
1341846248.938035 0.076071195 -0.045857638 0.018494278 0.095027149 0.002224396 -0.026955420 0.995107174
1341846248.969908 0.075990483 -0.045539293 0.018647714 0.094201729 0.001590646 -0.026980013 0.995186210
1341846249.001964 0.076332279 -0.045476586 0.022781879 0.093858361 0.001629321 -0.027489198 0.995204628
1341846249.037998 0.068296522 -0.042087540 0.010695939 0.094031677 0.002641993 -0.026639273 0.995209217
1341846249.069961 0.075493395 -0.043801866 0.020505888 0.092765048 0.000637933 -0.025926262 0.995350242
1341846249.105888 0.069590800 -0.044039942 0.016914489 0.092449777 0.002167623 -0.025899446 0.995378077
1341846249.138041 0.073793262 -0.043713965 0.018523399 0.092615806 0.002534862 -0.025267450 0.995378077
1341846249.169904 0.077501684 -0.045478515 0.024135791 0.092355326 0.002155322 -0.023958886 0.995435476
1341846249.206013 0.079462104 -0.045791108 0.026299067 0.094058767 0.002538451 -0.023786722 0.995279193
1341846249.237872 0.077422418 -0.044555325 0.020849636 0.094113208 0.004236686 -0.024608433 0.995248318
1341846249.306095 0.079712786 -0.047875296 0.026963454 0.093246952 0.004470229 -0.024228109 0.995338142
1341846249.337853 0.073853970 -0.043948855 0.018095542 0.094252758 0.006541664 -0.024188373 0.995232940
1341846249.373854 0.072969243 -0.042466328 0.014687928 0.092951059 0.006776938 -0.024528833 0.995345414
1341846249.405928 0.077803932 -0.048269276 0.026565449 0.091510572 0.007562555 -0.026211187 0.995430350
1341846249.437945 0.080082320 -0.047495328 0.024150830 0.092612535 0.008825725 -0.026509779 0.995310128
1341846249.474182 0.078953788 -0.047846507 0.025745379 0.091680460 0.008849917 -0.026416538 0.995398700
1341846249.505956 0.081556454 -0.048177358 0.027084026 0.090550303 0.008475890 -0.026126204 0.995513022
1341846249.538288 0.081022628 -0.046916597 0.026212363 0.090710729 0.009041930 -0.026617983 0.995480418
1341846249.574263 0.076760232 -0.047811721 0.024703557 0.089873321 0.009443153 -0.026066510 0.995567262
1341846249.606015 0.077105537 -0.048040252 0.026230240 0.088482454 0.008408144 -0.024104975 0.995750487
1341846249.641995 0.079120502 -0.047142573 0.026848178 0.088905193 0.006855810 -0.021657448 0.995781004
1341846249.674108 0.077290766 -0.048190486 0.022983870 0.087109648 0.006162106 -0.020301254 0.995972812
1341846249.706034 0.078114592 -0.046967443 0.023160035 0.084829703 0.004766964 -0.019636882 0.996190548
1341846249.742012 0.081609264 -0.048635822 0.026098747 0.084564418 0.003089946 -0.018325388 0.996244669
1341846249.773906 0.077248134 -0.046447512 0.018924663 0.085020982 0.001431087 -0.015581830 0.996256292
1341846249.806093 0.083166778 -0.041153386 0.025948076 0.084855907 -0.002270612 -0.012576306 0.996311247
1341846249.842148 0.087755531 -0.040411301 0.028705724 0.084357418 -0.004678486 -0.011499614 0.996358216
1341846249.873923 0.083218478 -0.041374344 0.026406838 0.084233142 -0.006069176 -0.009984992 0.996377587
1341846249.909991 0.087329499 -0.035555519 0.024038395 0.084485307 -0.010432588 -0.006331719 0.996349990
1341846249.942024 0.091586374 -0.037021734 0.025614895 0.083938323 -0.013649407 -0.004264316 0.996368349
1341846249.974199 0.098250322 -0.030273302 0.026311291 0.085202359 -0.015713809 -0.004229111 0.996230781
1341846250.010384 0.085720271 -0.037521098 0.024161184 0.083849840 -0.015418891 -0.006241102 0.996339560
1341846250.042022 0.096517809 -0.034265257 0.027054630 0.084570080 -0.019209165 -0.003280967 0.996226966
1341846250.078047 0.103205368 -0.031825881 0.026099019 0.086515404 -0.019641278 -0.002766686 0.996053040
1341846250.109945 0.102316611 -0.024539802 0.026322817 0.086718760 -0.017768597 -0.003830787 0.996066988
1341846250.141849 0.103896327 -0.026798321 0.029560843 0.084558472 -0.016686462 -0.004473411 0.996268749
1341846250.177803 0.108207487 -0.025224006 0.020987030 0.085168719 -0.014546483 -0.004676006 0.996249378
1341846250.210137 0.114069931 -0.020417411 0.023688855 0.086111411 -0.011266333 -0.005195079 0.996208251
1341846250.241903 0.110577442 -0.020250855 0.024126528 0.085018478 -0.008463778 -0.008034670 0.996311009
1341846250.277878 0.109276600 -0.021738060 0.024635270 0.084205113 -0.007015186 -0.010250264 0.996371031
1341846250.309873 0.104112208 -0.020878708 0.023073193 0.083714254 -0.006006746 -0.010404282 0.996417403
1341846250.346142 0.103558876 -0.021411929 0.025650281 0.083855703 -0.006368513 -0.010680883 0.996400297
1341846250.377944 0.108542353 -0.022017583 0.025601165 0.084413826 -0.007119003 -0.010553228 0.996349454
1341846250.410038 0.105042413 -0.023310235 0.025926434 0.084941745 -0.006915442 -0.010780471 0.996303618
1341846250.445984 0.104199551 -0.019582581 0.025997236 0.086380787 -0.006491525 -0.011312610 0.996176779
1341846250.477872 0.101752430 -0.018307459 0.025189955 0.085831821 -0.006579289 -0.011190550 0.996225059
1341846250.509930 0.100870825 -0.025469406 0.027370492 0.084813580 -0.008685057 -0.009487850 0.996313810
1341846250.546119 0.105048642 -0.020738710 0.029662296 0.086142123 -0.010208428 -0.009794286 0.996182382
1341846250.577998 0.106102467 -0.015161621 0.029129798 0.085455559 -0.009419367 -0.010601273 0.996241033
1341846250.613828 0.105056562 -0.020829745 0.030439463 0.083300389 -0.009261643 -0.009178817 0.996439159
1341846250.646114 0.106996670 -0.019295413 0.031768624 0.084184736 -0.009682464 -0.007524676 0.996374726
1341846250.677812 0.107218683 -0.014827012 0.027481459 0.084170379 -0.009335753 -0.005651094 0.996391654
1341846250.713958 0.109650835 -0.016855896 0.030042065 0.082398392 -0.008606142 -0.004510739 0.996552110
1341846250.745904 0.101627611 -0.017925810 0.028929252 0.081487201 -0.007593697 -0.002676314 0.996641874
1341846250.777886 0.100382447 -0.014233928 0.030509621 0.081343412 -0.009445275 -0.000534457 0.996641219
1341846250.814024 0.108030982 -0.015812183 0.030223867 0.080384791 -0.010838194 -0.000214762 0.996704936
1341846250.846025 0.107566036 -0.016558660 0.030985065 0.078790769 -0.010387911 -0.001495433 0.996835887
1341846250.881824 0.105548434 -0.023284731 0.033753484 0.078682519 -0.010534354 -0.000757418 0.996843755
1341846250.913808 0.109042779 -0.022469196 0.030729594 0.080659769 -0.010818480 -0.000455246 0.996682882
1341846250.946118 0.107168071 -0.022351297 0.030290723 0.081296682 -0.009853875 -0.001304945 0.996640384
1341846250.981803 0.103565358 -0.020270165 0.027302861 0.082488678 -0.009324402 -0.001852273 0.996546686
1341846251.014047 0.104403988 -0.019139966 0.029198816 0.082667761 -0.010983921 -0.002870892 0.996512473
1341846251.046033 0.108111583 -0.024428952 0.029414034 0.082810313 -0.011996899 -0.003612781 0.996486545
1341846251.081959 0.110839739 -0.027206551 0.026867207 0.084045216 -0.011857576 -0.004267355 0.996382236
1341846251.114058 0.110703483 -0.027439721 0.028290382 0.085822619 -0.011161268 -0.004667571 0.996236980
1341846251.149920 0.110150300 -0.024334047 0.025722083 0.087384954 -0.010730587 -0.005136155 0.996103585
1341846251.181983 0.112935200 -0.026998030 0.024815565 0.087869853 -0.009982990 -0.006429339 0.996061206
1341846251.214205 0.103846624 -0.025232591 0.024625797 0.089014657 -0.009334076 -0.007260906 0.995960116
1341846251.249978 0.100277804 -0.027200440 0.026960813 0.088976257 -0.010848110 -0.006388643 0.995954156
1341846251.281923 0.106882483 -0.026325699 0.023855327 0.089879759 -0.013176742 -0.006044123 0.995847106
1341846251.318026 0.101715177 -0.017307682 0.025223255 0.090432361 -0.013829242 -0.006906043 0.995782614
1341846251.350003 0.101003647 -0.019191215 0.027367121 0.087971479 -0.016244359 -0.006579560 0.995968819
1341846251.382003 0.102058373 -0.026934871 0.028162241 0.087524317 -0.018401545 -0.006574478 0.995970726
1341846251.417971 0.104670204 -0.016534543 0.026131762 0.088519126 -0.019407313 -0.007422266 0.995857716
1341846251.449878 0.100555904 -0.014119401 0.027719161 0.085770965 -0.019691126 -0.008722431 0.996082067
1341846251.481872 0.096874751 -0.016821207 0.025628556 0.083339587 -0.021092700 -0.009008254 0.996257246
1341846251.517870 0.097096898 -0.016491378 0.029041968 0.082055762 -0.022708829 -0.008240357 0.996334910
1341846251.549884 0.102374434 -0.013937539 0.032743737 0.080545180 -0.023737477 -0.007981619 0.996436298
1341846251.586071 0.098539472 -0.019386144 0.033730462 0.079303071 -0.022994697 -0.007368946 0.996558011
1341846251.618241 0.098608494 -0.017592503 0.034142677 0.080425486 -0.023701325 -0.005596914 0.996463060
1341846251.649917 0.104754709 -0.018197641 0.033787690 0.081114158 -0.023644222 -0.005553497 0.996408820
1341846251.686034 0.103154428 -0.016575726 0.034147613 0.081845142 -0.021004649 -0.007528228 0.996395230
1341846251.718103 0.098294742 -0.017219808 0.034919322 0.081721202 -0.019387254 -0.008270562 0.996432304
1341846251.749907 0.098946542 -0.019874496 0.033387110 0.081853896 -0.020124620 -0.007465259 0.996413171
