1341846226.817920 0.000000000 0.000000000 0.000000000 0.000000000 0.000000000 0.000000000 1.000000000
1341846226.850323 0.003979045 0.000967716 0.002174999 0.001046850 -0.000498126 -0.002279318 0.999996722
1341846226.881894 0.007127649 0.001591225 0.003130124 0.001445590 0.000465630 -0.003121076 0.999993980
1341846226.917980 0.004575846 -0.000037446 0.003343236 0.000349028 -0.000549715 -0.002797137 0.999995887
1341846226.950000 0.005166552 -0.003774450 0.006155448 0.000881953 -0.002784573 -0.002166115 0.999993384
1341846226.985981 0.005681586 -0.002368794 0.004700799 0.002749854 -0.003533692 -0.002827360 0.999985993
1341846227.017919 0.001653159 0.001091649 0.002450122 0.002911599 -0.003681471 -0.003488079 0.999982893
1341846227.050040 0.006395130 -0.002728061 0.006270344 0.002285296 -0.004819913 -0.003987541 0.999977827
1341846227.085982 0.004941760 -0.000560803 0.003914970 0.003296946 -0.004388546 -0.004953078 0.999972641
1341846227.118052 0.006740428 -0.000260753 0.006441279 0.003756090 -0.004563899 -0.005114288 0.999969423
1341846227.149935 0.005720510 -0.001005814 0.004036088 0.004299444 -0.004796999 -0.004982532 0.999966860
1341846227.186053 0.001712617 0.001870600 0.002347341 0.004271376 -0.005180857 -0.006049028 0.999959171
1341846227.218443 0.006673214 -0.000462137 0.006235015 0.003007921 -0.006222569 -0.007352596 0.999949098
1341846227.253944 0.009924231 -0.003831963 0.007393949 0.003928443 -0.006348172 -0.008948986 0.999932110
1341846227.285981 0.006152447 -0.004063238 0.005634463 0.004997584 -0.006478120 -0.010057843 0.999915957
1341846227.320064 0.005571888 -0.002775709 0.004355994 0.005235105 -0.008051850 -0.011290089 0.999890149
1341846227.353969 0.004210590 -0.001955399 0.002167728 0.005815227 -0.009566188 -0.013569163 0.999845266
1341846227.385846 0.001109107 0.002109519 0.000226827 0.005727195 -0.011502967 -0.014748004 0.999808669
1341846227.418015 -0.001132949 0.001486988 0.000030830 0.004106994 -0.014652042 -0.016841190 0.999742389
1341846227.453997 0.001619789 0.000995652 0.001952646 0.002712236 -0.017565913 -0.020647548 0.999628782
1341846227.485981 0.003512020 -0.000921399 0.004224128 0.001715659 -0.018782794 -0.023300968 0.999550581
1341846227.521976 0.001806190 0.000550205 0.002728087 0.001942602 -0.020378005 -0.023146695 0.999522507
1341846227.553980 0.002584085 -0.004905333 0.007946884 0.003057107 -0.022935664 -0.024171870 0.999440014
1341846227.586047 0.007093186 0.000693487 0.005093651 0.005186794 -0.023821751 -0.027077904 0.999336004
1341846227.622081 0.006952923 0.008296332 0.005541384 0.005966135 -0.023048664 -0.030471643 0.999252021
1341846227.653945 -0.000511428 -0.003860484 0.007417324 0.004051668 -0.022451462 -0.030307963 0.999280214
1341846227.686038 0.005933927 -0.012552433 0.007014339 0.005986501 -0.024131596 -0.030699562 0.999219418
1341846227.721966 0.018038927 -0.005370880 0.008241082 0.009443461 -0.023642361 -0.031465769 0.999180555
1341846227.754130 0.015315701 -0.008548359 0.006302751 0.009904655 -0.020225763 -0.031683773 0.999244153
1341846227.789951 0.013400544 -0.007257294 0.005903463 0.011599626 -0.017956866 -0.030423125 0.999308467
1341846227.821920 0.016159527 -0.007546252 0.003523872 0.011959403 -0.016485365 -0.029741324 0.999350131
1341846227.854275 0.016658744 -0.007836267 0.002727681 0.012182789 -0.014514055 -0.030042384 0.999369025
1341846227.889935 0.015091117 -0.006930456 0.001234602 0.012805943 -0.012543240 -0.029502971 0.999403954
1341846227.921967 0.017079359 -0.010158510 0.004589064 0.012343028 -0.011968543 -0.028293895 0.999451756
1341846227.958123 0.017251860 -0.008690841 0.000184912 0.012680282 -0.010476884 -0.029170200 0.999439120
1341846227.989985 0.013460899 -0.006917885 0.000466529 0.011868368 -0.007600986 -0.031201890 0.999413729
1341846228.021937 0.018067062 -0.018827373 0.005508441 0.010489509 -0.007552055 -0.029382575 0.999484658
1341846228.058222 0.013573643 -0.018112561 0.005684834 0.013044078 -0.006497368 -0.028284313 0.999493718
1341846228.090097 0.030006029 -0.007869796 -0.002617733 0.014013994 -0.007612178 -0.027944474 0.999482274
1341846228.121845 0.026007114 -0.011205831 -0.003483610 0.010199072 -0.004839590 -0.027392156 0.999561012
1341846228.157875 0.018471301 -0.009179219 -0.001750748 0.008243376 -0.003883747 -0.023493011 0.999682486
1341846228.189872 0.027693363 -0.004991810 0.004100013 0.006568392 -0.006146902 -0.021785107 0.999722183
1341846228.225994 0.028417233 -0.009323074 0.008756629 0.004211699 -0.006277513 -0.022787321 0.999711752
1341846228.258336 0.025042087 -0.014063618 0.009945609 0.004298753 -0.006536230 -0.023659008 0.999689460
1341846228.289941 0.032000598 -0.013596657 0.006769768 0.005037386 -0.007921148 -0.022160938 0.999710381
1341846228.326018 0.035678327 -0.015439863 0.010063120 0.005314712 -0.007738045 -0.022533076 0.999702036
1341846228.358243 0.033756707 -0.013525240 0.009114526 0.005924764 -0.005618294 -0.022552010 0.999712348
1341846228.389779 0.029382931 -0.015726930 0.007003400 0.005184912 -0.004537330 -0.021417495 0.999746859
1341846228.426073 0.038290646 -0.021523444 0.011345951 0.004810378 -0.005172716 -0.021699734 0.999739587
1341846228.493915 0.028803777 -0.009650300 0.000038065 0.006738557 -0.001283263 -0.020562656 0.999765038
1341846228.525907 0.030892693 -0.013670781 0.003012446 0.005509106 -0.002550746 -0.019563878 0.999790192
1341846228.558208 0.035649877 -0.013301924 0.003570433 0.005725007 -0.002722553 -0.018902354 0.999801219
1341846228.593899 0.031235671 -0.015915535 -0.000761105 0.005564333 -0.001458863 -0.018407967 0.999813974
1341846228.626021 0.028000614 -0.013410442 -0.001427242 0.005755449 -0.002641624 -0.017361162 0.999829233
1341846228.658069 0.032858375 -0.017130457 -0.000762725 0.004339146 -0.004413069 -0.016495246 0.999844790
1341846228.693942 0.034702957 -0.019526169 -0.000351448 0.003136250 -0.003791804 -0.017735371 0.999830604
1341846228.726069 0.035100244 -0.017175630 0.001948510 0.002847256 -0.002540381 -0.017490618 0.999839723
1341846228.762090 0.029492218 -0.020875588 0.001087469 0.002351827 -0.001799630 -0.015266288 0.999879062
1341846228.794000 0.032686681 -0.023847561 0.002511724 0.003200993 -0.002893571 -0.014078533 0.999891579
1341846228.825934 0.033235230 -0.016265333 0.002759689 0.004927057 -0.002147319 -0.014041948 0.999886930
1341846228.862015 0.032999456 -0.015621968 0.002088816 0.005096606 -0.002181912 -0.011755534 0.999915540
1341846228.893856 0.032016426 -0.012810911 -0.001713992 0.005844190 -0.003236189 -0.011566139 0.999910772
1341846228.926548 0.036326133 -0.016332505 -0.000182783 0.005425584 -0.003707353 -0.012887382 0.999895334
1341846228.961940 0.035478454 -0.012560728 -0.000692347 0.005421193 -0.002839087 -0.012737162 0.999900162
1341846228.994040 0.038596481 -0.012544712 -0.003142459 0.004510678 -0.003339921 -0.012095436 0.999911070
1341846229.029897 0.038937367 -0.016731281 -0.001020757 0.004043083 -0.003532265 -0.011399384 0.999920607
1341846229.061870 0.044214778 -0.018063193 -0.000444507 0.005168994 -0.003827321 -0.011472907 0.999913514
1341846229.094829 0.042221725 -0.012748558 -0.001633639 0.006017062 -0.002976359 -0.010583271 0.999921441
1341846229.129930 0.043517280 -0.013757277 0.000694485 0.005238485 -0.002758015 -0.009419315 0.999938071
1341846229.161882 0.043700173 -0.015710253 -0.000195912 0.004566639 -0.002145543 -0.010142520 0.999935806
1341846229.197882 0.036643323 -0.016424067 -0.002394803 0.004954580 -0.001156767 -0.010137288 0.999935687
1341846229.229812 0.037184991 -0.019098012 -0.002129160 0.005826024 -0.001856393 -0.010470401 0.999926507
1341846229.261994 0.038706265 -0.018062392 -0.001518663 0.007110593 -0.002545758 -0.010607199 0.999915183
1341846229.297920 0.038126495 -0.013904993 -0.004273416 0.007850019 -0.002688474 -0.011410871 0.999900460
1341846229.329933 0.037694532 -0.013806497 -0.005837853 0.007776524 -0.003455169 -0.012152957 0.999889910
1341846229.361996 0.040667199 -0.018097280 -0.003651864 0.007290904 -0.004393150 -0.011032850 0.999902904
1341846229.398029 0.043201558 -0.028535305 -0.002188652 0.008062073 -0.004230184 -0.010812915 0.999900103
1341846229.430182 0.040653743 -0.027614299 -0.006209421 0.010651481 -0.004135457 -0.010899660 0.999875307
1341846229.471963 0.039749887 -0.023722330 -0.006859979 0.011824107 -0.004054128 -0.010163822 0.999870181
1341846229.530149 0.037559755 -0.017968543 -0.008333992 0.014666920 -0.002897358 -0.008355232 0.999853313
1341846229.566064 0.038383439 -0.021978399 -0.007852597 0.014298137 -0.003095951 -0.006478587 0.999871969
1341846229.630063 0.037304107 -0.018761614 -0.012089739 0.018069156 -0.000491874 -0.003869907 0.999829113
1341846229.665946 0.037576914 -0.021198127 -0.008109827 0.016810536 -0.000344262 -0.003016491 0.999854088
1341846229.698150 0.037221789 -0.028762314 -0.004149924 0.016969737 -0.000116077 -0.002161214 0.999853671
1341846229.733828 0.031577274 -0.025963333 -0.009130739 0.020612622 0.002591469 -0.001926435 0.999782324
1341846229.765937 0.035901878 -0.019358078 -0.015161680 0.021719595 0.003226192 -0.001270436 0.999758065
1341846229.798002 0.032014560 -0.021309413 -0.014598342 0.019326676 0.003805589 -0.001837315 0.999804318
1341846229.833857 0.035753805 -0.022879541 -0.010699079 0.019437043 0.003379038 -0.002010185 0.999803364
1341846229.865928 0.037431687 -0.025376096 -0.010992567 0.020505749 0.004087595 -0.002150119 0.999779046
1341846229.897926 0.032678913 -0.017951339 -0.015441092 0.020979542 0.005156806 -0.003056667 0.999761939
1341846229.939857 0.036668178 -0.013354429 -0.015117344 0.019857442 0.004596361 -0.002771320 0.999788404
1341846230.002061 0.037267625 -0.004121695 -0.012643511 0.018146273 0.005774118 -0.004346140 0.999809206
1341846230.033858 0.033611566 -0.010786257 -0.009922756 0.014555794 0.005873167 -0.005675027 0.999860704
1341846230.065938 0.032208201 -0.018392269 -0.008318089 0.013277203 0.006892113 -0.004925955 0.999875963
1341846230.103878 0.037431549 -0.013231206 -0.011642090 0.013996379 0.006807886 -0.004007131 0.999870837
1341846230.144719 0.034371532 -0.015756777 -0.009389782 0.012581594 0.007404748 -0.003803405 0.999886155
1341846230.172747 0.034438089 -0.019739699 -0.005943665 0.011848526 0.007859015 -0.002299475 0.999896288
1341846230.208544 0.032202054 -0.018660776 -0.009903422 0.013106656 0.008955175 -0.001647588 0.999872625
1341846230.271971 0.033053000 -0.022743614 -0.007570004 0.011491649 0.008765030 -0.001337270 0.999894679
1341846230.334051 0.032857303 -0.017953487 -0.007775366 0.016410274 0.009354750 0.000324573 0.999821544
1341846230.370031 0.040256787 -0.022351800 -0.004569910 0.017518345 0.009276287 -0.000654008 0.999803305
1341846230.401932 0.039943732 -0.019144364 -0.008698037 0.020045476 0.010394366 -0.001146556 0.999744356
1341846230.437965 0.042300902 -0.023183350 -0.008264289 0.021050809 0.010439755 -0.002774040 0.999720097
1341846230.469920 0.042288024 -0.018870916 -0.009928877 0.022961311 0.010872212 -0.003664886 0.999670506
1341846230.501933 0.041101303 -0.013460788 -0.012256397 0.023581935 0.011160132 -0.004231286 0.999650657
1341846230.537834 0.038506024 -0.014730647 -0.011434100 0.022849558 0.010987217 -0.004298374 0.999669313
1341846230.569803 0.043041009 -0.025372809 -0.010413426 0.022945562 0.009963075 -0.005145052 0.999673784
1341846230.601945 0.049961053 -0.023933839 -0.012898934 0.024817178 0.007999875 -0.003200523 0.999654830
1341846230.637789 0.044693515 -0.025973830 -0.011322448 0.025538577 0.008347305 -0.003932096 0.999631226
1341846230.670057 0.043406326 -0.016215736 -0.012870005 0.026443074 0.008006099 -0.004112611 0.999609828
1341846230.705937 0.045059290 -0.020948730 -0.012099673 0.024765741 0.007173787 -0.005184769 0.999654114
1341846230.737932 0.040682267 -0.024124093 -0.009284824 0.025120845 0.007622026 -0.005218605 0.999641776
1341846230.769960 0.036053076 -0.021722130 -0.003636402 0.026396319 0.008231943 -0.004357383 0.999608219
1341846230.805852 0.040852364 -0.020118475 -0.007135796 0.027131274 0.006833382 -0.004450245 0.999598622
1341846230.837804 0.042553589 -0.019540604 -0.013638378 0.027319275 0.006340395 -0.004817939 0.999595046
1341846230.869829 0.045938291 -0.023375526 -0.014228185 0.027700569 0.006181016 -0.004297260 0.999587893
1341846230.905851 0.045628570 -0.020903600 -0.015797069 0.028573256 0.005910776 -0.003445672 0.999568284
1341846230.937917 0.044949088 -0.023357354 -0.016232209 0.028007789 0.004692146 -0.004370974 0.999587119
1341846230.973933 0.046392780 -0.023901829 -0.016149869 0.028677009 0.004064851 -0.004115246 0.999571979
1341846231.006047 0.051319379 -0.024320655 -0.013882598 0.029771373 0.003454709 -0.002954551 0.999546409
1341846231.037936 0.043443825 -0.023071665 -0.017039439 0.029935308 0.003930671 -0.003772288 0.999536991
1341846231.074310 0.048702702 -0.021092389 -0.015517915 0.030212013 0.002590780 -0.003635080 0.999533534
1341846231.106085 0.047491219 -0.029446336 -0.014141891 0.030203490 0.002390643 -0.003503633 0.999534786
1341846231.138083 0.045600884 -0.021074343 -0.012301193 0.032493539 0.002135433 -0.003586165 0.999463201
1341846231.174011 0.042148501 -0.022928581 -0.014918442 0.032179963 0.002097160 -0.004416119 0.999470115
1341846231.205909 0.044121210 -0.022104885 -0.014793429 0.033347093 0.001772960 -0.005053741 0.999429464
1341846231.241869 0.044076700 -0.022183837 -0.016638810 0.034221712 0.002127817 -0.004595216 0.999401391
1341846231.273832 0.042571545 -0.019209603 -0.015501942 0.034986857 0.001952082 -0.005437265 0.999371052
1341846231.305846 0.046869379 -0.020105120 -0.017025463 0.036102060 0.000938028 -0.004740212 0.999336421
1341846231.341923 0.045668293 -0.020341936 -0.018316064 0.035575639 0.000679202 -0.003841812 0.999359369
1341846231.410022 0.047813229 -0.022897804 -0.016476080 0.032833550 -0.000173341 -0.004244977 0.999451816
1341846231.442103 0.043640453 -0.020669466 -0.013096382 0.033129565 0.000198582 -0.004091293 0.999442697
1341846231.484245 0.047349337 -0.023663318 -0.014173622 0.032875530 -0.001488031 -0.002630407 0.999454856
1341846231.516816 0.042750914 -0.018605340 -0.019000726 0.032627143 -0.000793191 -0.004689169 0.999456286
1341846231.547853 0.045389023 -0.017030446 -0.026953746 0.030516550 0.000174319 -0.005949943 0.999516547
1341846231.583898 0.046930611 -0.016996760 -0.022947002 0.027520305 0.001623407 -0.008263159 0.999585748
1341846231.615993 0.051488906 -0.021156274 -0.016816393 0.025721779 0.002835033 -0.011326188 0.999600947
1341846231.648015 0.038006384 -0.036992963 -0.014364388 0.025392851 0.004472231 -0.012951797 0.999583662
1341846231.683822 0.038153589 -0.042370673 -0.015585579 0.029776547 0.002809284 -0.013088285 0.999466896
1341846231.716153 0.040369373 -0.043571960 -0.012216588 0.035609528 0.001544620 -0.012627821 0.999284804
1341846231.747846 0.037633277 -0.026340347 -0.019869255 0.041734625 0.000441383 -0.014039662 0.999029994
1341846231.783993 0.044164259 -0.024468498 -0.020541631 0.042648908 -0.001456486 -0.014078962 0.998989880
1341846231.817027 0.044669736 -0.021291656 -0.019365573 0.042858850 -0.001463300 -0.014010149 0.998981833
1341846231.852317 0.041526258 -0.020769646 -0.022728115 0.041792288 -0.001498916 -0.014292751 0.999022961
1341846231.909867 0.047546636 -0.025364595 -0.018326957 0.037478525 -0.004667719 -0.011586163 0.999219358
1341846231.945837 0.046134915 -0.029735057 -0.016470456 0.036895234 -0.005264631 -0.010922839 0.999245584
1341846231.978027 0.043083549 -0.027288558 -0.019011492 0.037106335 -0.004979442 -0.011510758 0.999232590
1341846232.009966 0.045535810 -0.026018113 -0.019924263 0.035833005 -0.006103354 -0.010902666 0.999279678
1341846232.045845 0.041423753 -0.031407811 -0.016256016 0.034581847 -0.006646733 -0.009592091 0.999333739
1341846232.077961 0.046368569 -0.025356943 -0.015545832 0.036274761 -0.008662643 -0.008796695 0.999265611
1341846232.109864 0.050179102 -0.023382632 -0.015518243 0.036415216 -0.009462404 -0.009798246 0.999243915
1341846232.145999 0.048515502 -0.025106283 -0.018688811 0.035711478 -0.008973164 -0.010761532 0.999263883
1341846232.178314 0.048832603 -0.028851688 -0.016142661 0.034758028 -0.008790004 -0.010227390 0.999304771
1341846232.215951 0.046106111 -0.031813327 -0.014552400 0.034891684 -0.008114805 -0.009576556 0.999312282
1341846232.252037 0.045914669 -0.029625576 -0.015592078 0.036372188 -0.007915395 -0.007991460 0.999275029
1341846232.283944 0.046772685 -0.028618736 -0.016043432 0.037118435 -0.008158013 -0.006163868 0.999258578
1341846232.319867 0.045586936 -0.028197957 -0.012881523 0.036759701 -0.007647354 -0.005966713 0.999277055
1341846232.351854 0.046847112 -0.024275910 -0.015176535 0.035334758 -0.007445887 -0.007004708 0.999323249
1341846232.383877 0.040822081 -0.020486802 -0.010648133 0.033670697 -0.006459174 -0.009845663 0.999363601
1341846232.419782 0.046039104 -0.027126167 -0.006919911 0.032337472 -0.008138919 -0.010921735 0.999384165
1341846232.451780 0.048117995 -0.033911243 -0.011817605 0.032504242 -0.008950234 -0.010629037 0.999374986
1341846232.484170 0.046027116 -0.029105518 -0.011032383 0.034133814 -0.008359291 -0.010550200 0.999326646
1341846232.519889 0.049499355 -0.029830050 -0.010808574 0.034937862 -0.009018329 -0.009858808 0.999300182
1341846232.551877 0.055352964 -0.026201969 -0.004688308 0.036020167 -0.009812640 -0.010172617 0.999251127
1341846232.583846 0.053913191 -0.033826210 -0.012414265 0.036169533 -0.009537380 -0.010029636 0.999249816
1341846232.619798 0.053811856 -0.032180324 -0.012107486 0.038326502 -0.008779584 -0.009481903 0.999181688
1341846232.651799 0.051495276 -0.033714261 -0.015055750 0.039048024 -0.008434279 -0.009264339 0.999158800
1341846232.688092 0.059941463 -0.031630307 -0.008114029 0.041104201 -0.009189694 -0.008980809 0.999072254
1341846232.719804 0.052783508 -0.036206681 -0.010471251 0.042525414 -0.007310533 -0.010300590 0.999015510
1341846232.751767 0.060273640 -0.037500247 -0.017675010 0.043818675 -0.007686438 -0.010730099 0.998952329
1341846232.787894 0.060492303 -0.035908688 -0.010673624 0.046005942 -0.006604901 -0.011896219 0.998848498
1341846232.819886 0.061309114 -0.039571244 -0.011292677 0.047678236 -0.005644966 -0.011877829 0.998776197
1341846232.855850 0.056702629 -0.040094581 -0.012406243 0.049624451 -0.004449448 -0.012630654 0.998678207
1341846232.887989 0.054613765 -0.040265981 -0.015802030 0.050842911 -0.003459356 -0.013109380 0.998614609
1341846232.919822 0.057243276 -0.040569048 -0.012341443 0.051344488 -0.003162113 -0.014273282 0.998574018
1341846232.955993 0.057127587 -0.041464090 -0.012949097 0.052139997 -0.003034356 -0.013423065 0.998544931
1341846232.987965 0.061250914 -0.039158285 -0.019183701 0.052242108 -0.002751173 -0.013318894 0.998541832
1341846233.023868 0.061157040 -0.034653086 -0.012769010 0.051426213 -0.000805073 -0.013593128 0.998583972
1341846233.055880 0.055179939 -0.033247504 -0.010244295 0.050614696 0.001571204 -0.014914404 0.998605669
1341846233.087872 0.051565677 -0.038574137 -0.009926569 0.049062777 0.002313515 -0.016009657 0.998664737
1341846233.124060 0.054858707 -0.044878811 -0.009554737 0.048850551 0.000946476 -0.016650584 0.998666883
1341846233.155902 0.057635762 -0.048544813 -0.008596930 0.050580576 -0.000779028 -0.016657878 0.998580754
1341846233.218177 0.059314840 -0.036194399 -0.011580833 0.056334574 -0.001758610 -0.018713782 0.998234987
1341846233.249926 0.061419964 -0.036214642 -0.018895565 0.054878984 -0.001766096 -0.019873092 0.998293638
1341846233.286015 0.061819814 -0.039557513 -0.014620718 0.053665619 -0.001533126 -0.021937996 0.998316765
1341846233.317870 0.063243277 -0.042505406 -0.008249147 0.053948764 -0.000606247 -0.021743879 0.998306751
1341846233.349815 0.055036630 -0.042863861 -0.011690435 0.054500699 0.000808144 -0.020962402 0.998293340
1341846233.385857 0.065097913 -0.039383259 -0.006463577 0.055033956 -0.001416833 -0.019447435 0.998294055
1341846233.417990 0.061017800 -0.041263435 -0.000462544 0.054711800 -0.001601042 -0.019584514 0.998308837
1341846233.453822 0.053687397 -0.040476795 -0.008523395 0.055877380 -0.001227462 -0.019392954 0.998248518
1341846233.485912 0.053155608 -0.042700220 -0.007900772 0.056596313 -0.001758686 -0.020582072 0.998183370
1341846233.517954 0.055079337 -0.039706446 -0.010307719 0.056810368 -0.003088595 -0.021305043 0.998152852
1341846233.553882 0.055304922 -0.043330606 -0.009271239 0.056235336 -0.004132677 -0.021679875 0.998173535
1341846233.585968 0.056307562 -0.050041627 -0.009269686 0.056582943 -0.005054540 -0.021117467 0.998161733
1341846233.621898 0.056553289 -0.047841512 -0.009732247 0.057862680 -0.004946870 -0.020639200 0.998098910
1341846233.654396 0.055135347 -0.039273001 -0.011560407 0.059015758 -0.003703852 -0.021101749 0.998027086
1341846233.685848 0.056164440 -0.045110241 -0.009910537 0.057154220 -0.002869691 -0.021880938 0.998121440
1341846233.721879 0.052637234 -0.035997082 -0.012836419 0.058006946 -0.001939947 -0.021840099 0.998075366
1341846233.753961 0.055126667 -0.040783774 -0.013458723 0.056906089 -0.002016298 -0.021308625 0.998150051
1341846233.822009 0.057131596 -0.038959730 -0.009292271 0.055567842 -0.001019243 -0.019745141 0.998259127
1341846233.853971 0.052536875 -0.039191585 -0.009934407 0.054578517 -0.000328632 -0.019850213 0.998312056
1341846233.889920 0.056956142 -0.041187912 -0.011441183 0.053621870 -0.001164387 -0.019930709 0.998361647
1341846233.922045 0.057009373 -0.039952036 -0.009814636 0.052908950 -0.001910429 -0.020769252 0.998381495
1341846233.953967 0.058401681 -0.040857434 -0.009038730 0.052326508 -0.002890288 -0.019849448 0.998428524
1341846233.989945 0.054886412 -0.042331852 -0.009213690 0.051829394 -0.003460111 -0.020469371 0.998440146
1341846234.021936 0.058373783 -0.039230954 -0.008122118 0.051260091 -0.004546352 -0.020108677 0.998472512
1341846234.053904 0.060944710 -0.043290574 -0.005017837 0.050135963 -0.004708350 -0.020502215 0.998520792
1341846234.089899 0.060794305 -0.044221979 -0.005733855 0.049946487 -0.004088547 -0.021190986 0.998518646
1341846234.158063 0.061774492 -0.045139801 -0.005013381 0.049482603 -0.004038727 -0.020706516 0.998552144
1341846234.189961 0.064104997 -0.044815887 -0.005310377 0.050524741 -0.004146777 -0.019948188 0.998514950
1341846234.222130 0.062671140 -0.039927747 -0.010344427 0.050818253 -0.003429218 -0.019541476 0.998510778
1341846234.257875 0.063204139 -0.039369036 -0.007010352 0.049535491 -0.003181045 -0.019501533 0.998576880
1341846234.289820 0.063647926 -0.045445301 -0.008257146 0.048381589 -0.002418616 -0.019190354 0.998641610
1341846234.321998 0.064929493 -0.043054517 -0.000342491 0.049839187 -0.001629465 -0.020810815 0.998539090
1341846234.357904 0.060878702 -0.039028175 -0.002025923 0.050849903 -0.001033724 -0.021676973 0.998470485
1341846234.389919 0.061235059 -0.042465117 -0.007093138 0.050875984 -0.002168847 -0.020568492 0.998490751
1341846234.425915 0.060816742 -0.043385278 -0.004345635 0.051772550 -0.002692647 -0.019277759 0.998469174
1341846234.457800 0.060557637 -0.033873189 -0.007074145 0.052686773 -0.002986061 -0.019464418 0.998416901
1341846234.490016 0.066028461 -0.037169315 -0.001479066 0.049319658 -0.004175595 -0.018990917 0.998593748
1341846234.525867 0.073881075 -0.040368553 -0.002224176 0.048007775 -0.005302639 -0.017507667 0.998679399
1341846234.557961 0.070069052 -0.040814575 0.000796200 0.047387484 -0.004637343 -0.017067030 0.998719990
1341846234.593900 0.069764622 -0.035674710 0.000382779 0.046670783 -0.005499125 -0.015635740 0.998772800
1341846234.658173 0.067250654 -0.032603454 0.003067931 0.046626128 -0.007280661 -0.013891853 0.998789251
1341846234.694104 0.068634383 -0.034136176 0.004187998 0.046056431 -0.008801840 -0.013640206 0.998806953
1341846234.725911 0.064910181 -0.036802128 0.003459616 0.046001893 -0.009658064 -0.012383536 0.998817921
1341846234.758643 0.069158122 -0.037227683 0.004271409 0.046826568 -0.010868669 -0.011896755 0.998773098
1341846234.793907 0.070677772 -0.032916822 0.002686974 0.046675086 -0.011059634 -0.012326797 0.998772800
1341846234.826106 0.070576698 -0.037028063 0.002617957 0.045196444 -0.010901966 -0.012459006 0.998840928
1341846234.862270 0.070059940 -0.038662467 0.005392727 0.045215379 -0.011227896 -0.012380283 0.998837471
1341846234.893971 0.068461061 -0.035538353 0.007097993 0.046850607 -0.011473634 -0.012128937 0.998762369
1341846234.926031 0.068141729 -0.036722068 0.004231384 0.047252066 -0.011519735 -0.013140739 0.998730123
1341846234.961979 0.067461647 -0.038446631 0.005415668 0.047406007 -0.011453153 -0.013816933 0.998714507
1341846234.994016 0.068600893 -0.035836749 0.003304330 0.048463512 -0.012112734 -0.014407887 0.998647571
1341846235.026311 0.064871103 -0.031352840 0.003849487 0.047663014 -0.012360577 -0.015174242 0.998671710
1341846235.061915 0.068024524 -0.034217041 0.002538869 0.045652419 -0.012630644 -0.015472275 0.998757720
1341846235.094075 0.064569294 -0.033536837 0.004997504 0.045085326 -0.011939236 -0.015879242 0.998785615
1341846235.130068 0.062576927 -0.038500927 0.005660013 0.044919278 -0.012193429 -0.015484710 0.998796165
1341846235.162449 0.065067276 -0.038728341 0.005542551 0.045927681 -0.013924667 -0.014215968 0.998746574
1341846235.193917 0.067749105 -0.037945990 0.003850690 0.046770509 -0.014845516 -0.013732292 0.998700917
1341846235.229939 0.069323651 -0.036939461 0.003966240 0.047997247 -0.014370448 -0.014721457 0.998635590
1341846235.261811 0.064469516 -0.039164186 0.005465628 0.047808204 -0.014090301 -0.015513131 0.998636663
1341846235.294134 0.068284564 -0.035729315 0.004412539 0.049366090 -0.014905735 -0.015959686 0.998542011
1341846235.329890 0.070009187 -0.033035092 0.002452053 0.049651563 -0.015108415 -0.017185897 0.998504460
1341846235.361974 0.068930075 -0.026079055 0.003531184 0.048891768 -0.014128217 -0.019827096 0.998507321
1341846235.398097 0.062849730 -0.029709985 0.004895808 0.046101023 -0.013162638 -0.021291234 0.998623133
1341846235.462163 0.066795088 -0.035458520 0.005317214 0.045516953 -0.014014622 -0.021291470 0.998638332
1341846235.498142 0.067352705 -0.027780969 0.006857104 0.045738991 -0.013876044 -0.023054963 0.998590946
1341846235.529989 0.066004947 -0.034962494 0.007372891 0.043647930 -0.014002034 -0.024058070 0.998659134
1341846235.561921 0.068291947 -0.037402686 0.005929989 0.044566270 -0.014790971 -0.023607466 0.998617947
1341846235.597951 0.064104483 -0.031250481 0.005238977 0.045843415 -0.014231235 -0.024342390 0.998550653
1341846235.630160 0.066790253 -0.030492947 0.005271907 0.044856768 -0.015182903 -0.024949662 0.998566449
1341846235.667679 0.065671206 -0.038597040 0.007930378 0.044331219 -0.015557541 -0.023975186 0.998607993
1341846235.705783 0.067048363 -0.035840917 0.006760676 0.046233654 -0.015996488 -0.024407776 0.998504281
1341846235.730392 0.066669479 -0.036513675 0.003722443 0.046356980 -0.015882744 -0.026026739 0.998459518
1341846235.766032 0.062163640 -0.039809320 0.006149719 0.047192987 -0.015264555 -0.026715869 0.998411775
1341846235.797942 0.064941861 -0.037600875 0.005417147 0.048653699 -0.016130175 -0.026459930 0.998334885
1341846235.833964 0.062673934 -0.034507729 0.004892614 0.049560346 -0.015543037 -0.026115468 0.998308659
1341846235.866037 0.064212076 -0.035523821 0.001764217 0.049509834 -0.015940307 -0.025106784 0.998330772
1341846235.898007 0.065528393 -0.037813086 0.001921593 0.049495943 -0.015946524 -0.023771888 0.998364091
1341846235.934106 0.065199085 -0.040332999 0.001980307 0.051206931 -0.015081596 -0.022634123 0.998317659
1341846235.965921 0.065612115 -0.035714403 0.000470293 0.052908354 -0.014147367 -0.022528099 0.998245001
1341846235.997897 0.067055091 -0.034442492 0.000538301 0.052505203 -0.013524275 -0.022527777 0.998274922
1341846236.034072 0.066733494 -0.037083525 0.002695536 0.052805346 -0.012506218 -0.022228654 0.998279095
1341846236.065823 0.059966482 -0.035595570 0.001276483 0.054299261 -0.010987484 -0.022503259 0.998210669
1341846236.101989 0.065433227 -0.032070883 0.000676292 0.053778823 -0.011978595 -0.022573419 0.998225868
1341846236.134258 0.065239586 -0.037563086 0.001075661 0.052271578 -0.012122974 -0.021664653 0.998324275
1341846236.166269 0.062348686 -0.035721272 0.000016682 0.053313810 -0.011565186 -0.021472944 0.998279929
1341846236.202022 0.063869968 -0.029441675 -0.002205898 0.053425003 -0.011367192 -0.022703884 0.998249054
1341846236.233893 0.063515313 -0.032365341 -0.002615968 0.051064380 -0.011124368 -0.022399865 0.998382211
1341846236.265924 0.065733485 -0.035503551 -0.002331038 0.050576422 -0.011291469 -0.021145942 0.998432457
1341846236.302018 0.063248523 -0.037515994 -0.001241989 0.050708160 -0.010727161 -0.020959431 0.998435974
1341846236.333756 0.065137155 -0.033173557 -0.002502305 0.051314700 -0.010856772 -0.021380698 0.998394608
1341846236.369949 0.064241059 -0.034849044 -0.001947010 0.050713267 -0.010068548 -0.021811612 0.998424292
1341846236.401964 0.064635508 -0.034634080 -0.002417452 0.050572965 -0.009489562 -0.021853987 0.998436153
1341846236.433828 0.064048432 -0.035794787 -0.002068879 0.050728761 -0.009158179 -0.022468995 0.998417675
1341846236.469948 0.067088194 -0.034972034 -0.001688055 0.051734023 -0.009171084 -0.022291502 0.998369992
1341846236.501946 0.067673020 -0.034393799 -0.003945988 0.052269559 -0.008511858 -0.021804292 0.998358667
1341846236.534764 0.070226379 -0.028843867 -0.004778637 0.051929094 -0.008416406 -0.020673927 0.998401284
1341846236.569956 0.067109339 -0.040503491 -0.002668092 0.049854148 -0.007249500 -0.018229283 0.998563826
1341846236.601901 0.064942248 -0.035262235 -0.004431947 0.051672887 -0.006562568 -0.017969359 0.998480856
1341846236.637896 0.069053039 -0.028044233 -0.006460876 0.051485978 -0.006389284 -0.018544104 0.998481095
1341846236.669818 0.070414670 -0.031581469 -0.004367746 0.048900820 -0.005679129 -0.019202422 0.998602867
1341846236.702100 0.071579307 -0.043006171 -0.002620143 0.047321633 -0.004402797 -0.019773776 0.998674273
1341846236.738521 0.072659694 -0.050904907 -0.004271684 0.051688563 -0.004143098 -0.017183183 0.998506844
1341846236.769905 0.062517188 -0.051803179 -0.009624912 0.059954207 -0.003649407 -0.015561089 0.998073161
1341846236.805999 0.065627798 -0.040653732 -0.008138716 0.063679546 -0.005384959 -0.015070049 0.997842073
1341846236.844067 0.070651442 -0.038844120 -0.008429499 0.063723676 -0.005825522 -0.016139988 0.997820079
1341846236.876573 0.070861168 -0.034955550 -0.011328600 0.063157856 -0.005522252 -0.018003888 0.997825861
1341846236.911899 0.067037717 -0.033968166 -0.007810226 0.060171127 -0.005126963 -0.019686380 0.997980773
1341846236.944484 0.070077896 -0.046787400 -0.004927113 0.058719642 -0.005903195 -0.018145977 0.998092115
1341846236.975811 0.072284676 -0.050465234 -0.009030817 0.059600990 -0.006247964 -0.016829517 0.998060822
1341846237.011848 0.072714351 -0.037743386 -0.008777183 0.061113238 -0.005526252 -0.017855745 0.997955859
1341846237.043850 0.076017775 -0.047567889 -0.013105205 0.058572594 -0.005049070 -0.018090587 0.998106480
1341846237.075882 0.069898523 -0.045281302 -0.007019459 0.060162779 -0.004235992 -0.016562503 0.998042166
1341846237.111887 0.072414525 -0.049917325 -0.009838195 0.062272176 -0.005697221 -0.014691042 0.997934818
1341846237.143863 0.070408203 -0.042720955 -0.013986042 0.065387592 -0.005696547 -0.014507377 0.997738242
1341846237.175838 0.069891341 -0.037946030 -0.012562341 0.065330088 -0.005938842 -0.014036171 0.997747302
1341846237.211847 0.071259364 -0.039683692 -0.012704329 0.063110933 -0.005776856 -0.013887312 0.997893155
1341846237.243895 0.075448945 -0.047805607 -0.009265169 0.063077241 -0.005338347 -0.012955122 0.997910261
1341846237.280228 0.070947267 -0.038697314 -0.011151947 0.065461278 -0.004606035 -0.012135992 0.997770667
1341846237.312079 0.073219158 -0.043641865 -0.012721877 0.063895479 -0.005714675 -0.011425206 0.997874856
1341846237.343828 0.076300122 -0.044512376 -0.012376082 0.064299628 -0.006276120 -0.010272184 0.997858047
1341846237.379983 0.076029651 -0.039262064 -0.011131694 0.064579152 -0.005875141 -0.010116443 0.997844040
1341846237.411962 0.074207529 -0.037373062 -0.011157349 0.063273594 -0.005714371 -0.010723034 0.997922242
1341846237.443790 0.072395787 -0.038362473 -0.011781711 0.061465282 -0.005373013 -0.012605560 0.998015165
1341846237.479911 0.070779063 -0.035421245 -0.012115268 0.060634535 -0.004130908 -0.014510747 0.998045981
1341846237.511862 0.068165652 -0.035624545 -0.011663159 0.059033025 -0.004100590 -0.015331908 0.998129904
1341846237.547914 0.068372913 -0.036806073 -0.012062899 0.057447694 -0.006021318 -0.014283010 0.998228192
1341846237.579956 0.063846752 -0.036002267 -0.009918919 0.056940109 -0.006293305 -0.014324760 0.998255014
1341846237.611852 0.066259012 -0.032617681 -0.009893557 0.056882657 -0.007015115 -0.014007942 0.998257935
1341846237.647976 0.062445026 -0.035684232 -0.008665346 0.055998363 -0.006967670 -0.013998275 0.998308420
1341846237.680417 0.062757157 -0.035767872 -0.007942763 0.055701084 -0.007630864 -0.013088361 0.998332560
1341846237.711902 0.060096230 -0.038592856 -0.008068771 0.055839483 -0.008065120 -0.011919018 0.998336017
1341846237.747860 0.060018890 -0.035387442 -0.006761775 0.057781998 -0.008480608 -0.012371193 0.998216569
1341846237.779848 0.061407592 -0.032193825 -0.008479910 0.058651611 -0.009059587 -0.012416963 0.998160183
1341846237.815934 0.055428650 -0.030552706 -0.009910706 0.057609856 -0.009167707 -0.011560851 0.998230159
1341846237.847966 0.059084602 -0.033722740 -0.010378209 0.055921935 -0.010851374 -0.010698192 0.998318851
1341846237.879781 0.059962206 -0.030716114 -0.010970760 0.055776123 -0.011146829 -0.010995185 0.998320520
1341846237.916026 0.063583702 -0.034798238 -0.013112117 0.053860277 -0.012203812 -0.010804969 0.998415411
1341846237.978064 0.065478861 -0.038930312 -0.013581434 0.052396096 -0.012463759 -0.011071245 0.998487234
1341846238.010069 0.061894242 -0.033909108 -0.012564214 0.052311268 -0.011893021 -0.011496556 0.998493791
1341846238.045995 0.063727058 -0.035226565 -0.013302038 0.050676651 -0.012183432 -0.010835056 0.998582006
1341846238.077963 0.063441806 -0.034481522 -0.010775606 0.049846772 -0.012403523 -0.011187729 0.998617172
1341846238.109791 0.061714608 -0.036130793 -0.010585005 0.049663100 -0.011950045 -0.011360599 0.998629928
1341846238.145837 0.066202700 -0.041063845 -0.011585844 0.050283905 -0.012355016 -0.011296622 0.998594642
1341846238.177943 0.064734451 -0.032380361 -0.011675467 0.051991586 -0.011392431 -0.012283235 0.998506963
1341846238.209943 0.065441228 -0.034406204 -0.011582606 0.049855676 -0.011351680 -0.013409126 0.998601913
1341846238.246227 0.062265802 -0.035152990 -0.007268706 0.049520709 -0.010723479 -0.013728814 0.998621166
1341846238.278227 0.062117681 -0.037889563 -0.010327728 0.049631365 -0.010601290 -0.013272255 0.998623133
1341846238.345918 0.066941708 -0.038445760 -0.009250685 0.049291573 -0.010320330 -0.015717540 0.998607397
1341846238.377978 0.065039851 -0.040391613 -0.009277389 0.050152186 -0.010374516 -0.014939135 0.998575985
1341846238.413879 0.063238226 -0.038960904 -0.007308113 0.051476888 -0.010954455 -0.015205842 0.998498380
1341846238.445979 0.064895421 -0.036963321 -0.009871419 0.051858675 -0.011209004 -0.016085073 0.998461962
1341846238.478188 0.064436994 -0.037995305 -0.010038870 0.051256757 -0.010773182 -0.017011452 0.998482525
1341846238.515328 0.062048770 -0.040693875 -0.008804236 0.051376417 -0.010564503 -0.017289974 0.998473823
1341846238.545906 0.062480189 -0.041728545 -0.010520848 0.052423000 -0.011274882 -0.017373640 0.998410165
1341846238.587827 0.064533383 -0.041546818 -0.010550069 0.053021729 -0.011282794 -0.017556554 0.998375237
1341846238.645944 0.064028159 -0.033637434 -0.010174860 0.052525088 -0.010321812 -0.017509775 0.998412788
1341846238.681933 0.065441690 -0.040459301 -0.010140032 0.051039312 -0.010716643 -0.017028576 0.998493969
1341846238.713917 0.065643780 -0.040509891 -0.009872635 0.051806144 -0.010817195 -0.015868336 0.998472512
1341846238.745925 0.064644851 -0.037621737 -0.010069805 0.052827973 -0.010882723 -0.015437803 0.998425007
1341846238.781932 0.066146500 -0.037664734 -0.008931072 0.051629361 -0.011549885 -0.015909340 0.998472810
1341846238.813869 0.065833606 -0.034569096 -0.009452112 0.051153447 -0.010899844 -0.016590288 0.998493493
1341846238.849931 0.064247683 -0.037948687 -0.006148788 0.049613338 -0.010255001 -0.016884273 0.998573124
1341846238.881927 0.061465848 -0.043896507 -0.004599854 0.049449865 -0.010888517 -0.016637161 0.998578727
1341846238.914000 0.059800964 -0.042242371 -0.001763887 0.052249920 -0.012643144 -0.014137475 0.998453915
1341846238.949903 0.057134204 -0.042274497 -0.003346931 0.055663213 -0.013554775 -0.012935393 0.998273790
1341846239.017941 0.061988853 -0.032464609 -0.003075768 0.059427474 -0.013908266 -0.016762009 0.997994959
1341846239.050041 0.062594607 -0.032869708 -0.001858456 0.059576318 -0.013552812 -0.018221434 0.997965455
1341846239.081902 0.062016055 -0.034764372 -0.004993995 0.059783041 -0.013576100 -0.019379387 0.997930944
1341846239.117866 0.063517772 -0.034683105 -0.004225254 0.060482785 -0.013592092 -0.020373473 0.997868717
1341846239.149976 0.062676914 -0.033432689 -0.003821711 0.061066750 -0.012696675 -0.020743554 0.997837305
1341846239.181897 0.062798724 -0.027161408 -0.004818548 0.061142609 -0.012567025 -0.020529842 0.997838736
1341846239.217929 0.059158545 -0.028258083 -0.004291120 0.059016749 -0.012432448 -0.021071648 0.997957110
1341846239.250009 0.061000332 -0.029449131 -0.004102440 0.057666712 -0.012080792 -0.021045549 0.998040915
1341846239.285917 0.065022215 -0.036884159 -0.006841838 0.055494104 -0.011992814 -0.020388948 0.998178780
1341846239.318442 0.061021712 -0.025155567 -0.003939606 0.056107249 -0.010618631 -0.021050993 0.998146355
1341846239.349930 0.060363263 -0.026806422 -0.002776280 0.054424394 -0.010120754 -0.020226639 0.998261690
1341846239.386011 0.062314764 -0.036462620 -0.006943818 0.053079199 -0.009983387 -0.019491920 0.998350143
1341846239.417983 0.062437408 -0.036705159 -0.008050653 0.053194255 -0.010139081 -0.019264884 0.998346865
1341846239.450112 0.062747836 -0.031991813 -0.007829095 0.053036284 -0.010161554 -0.019111156 0.998357952
1341846239.485973 0.063394830 -0.031171920 -0.006281263 0.052115049 -0.010059291 -0.018492971 0.998419166
1341846239.517913 0.064985804 -0.033962432 -0.006245538 0.050555371 -0.009930619 -0.017708629 0.998514831
1341846239.553979 0.062476367 -0.031897899 -0.003431226 0.049894366 -0.009463828 -0.017484540 0.998556614
1341846239.585911 0.062982351 -0.032645244 -0.002392248 0.048794884 -0.009518923 -0.016703045 0.998623788
1341846239.617967 0.062728964 -0.035065170 -0.000671963 0.048713684 -0.009299725 -0.015668092 0.998646617
1341846239.653941 0.060387641 -0.031694993 -0.000863634 0.050252847 -0.009064132 -0.015182205 0.998579979
1341846239.685852 0.062719151 -0.033399913 -0.005527119 0.050007842 -0.009654975 -0.014898968 0.998591006
1341846239.717923 0.063140973 -0.027667118 -0.004583641 0.050566565 -0.010358474 -0.014296921 0.998564601
1341846239.753857 0.062631160 -0.033874732 -0.001680939 0.049719293 -0.010231586 -0.014249106 0.998609185
1341846239.785918 0.060920920 -0.029838914 -0.003143471 0.049463622 -0.010162296 -0.014042344 0.998625517
1341846239.821950 0.057157844 -0.038345303 -0.002742248 0.048047759 -0.010096936 -0.013792106 0.998698771
1341846239.854023 0.056023411 -0.037165791 -0.002061793 0.049532600 -0.010201137 -0.013152926 0.998633802
1341846239.891801 0.060413770 -0.031960309 -0.004246852 0.050016962 -0.010991237 -0.013761333 0.998593092
1341846239.953963 0.060303140 -0.035230298 -0.001287590 0.048994750 -0.010790870 -0.014321266 0.998638093
1341846239.985997 0.058818776 -0.033757906 -0.003197891 0.049735833 -0.010999640 -0.014885092 0.998590946
1341846240.022055 0.063419722 -0.034850903 -0.003810010 0.049453337 -0.012041854 -0.016706087 0.998564124
1341846240.053998 0.057821143 -0.035404872 -0.002425386 0.050269287 -0.010930510 -0.017512506 0.998522341
1341846240.089841 0.060928252 -0.037805885 0.000670876 0.051039599 -0.011592230 -0.017330259 0.998479009
1341846240.121795 0.060502984 -0.035948675 -0.000432730 0.051865026 -0.012060687 -0.017653253 0.998425245
1341846240.159862 0.061924558 -0.038193077 -0.003059023 0.053283654 -0.011803414 -0.018809555 0.998332500
1341846240.195884 0.064163908 -0.034418877 -0.003323577 0.054451786 -0.011680482 -0.018153327 0.998283029
1341846240.227927 0.060458660 -0.036836933 -0.006941081 0.054085307 -0.011276064 -0.018500764 0.998301268
1341846240.290031 0.059605032 -0.035529301 -0.002298068 0.055767961 -0.011685698 -0.017769219 0.998217225
1341846240.322206 0.062049523 -0.033290762 -0.003412226 0.055746324 -0.012525005 -0.017283745 0.998216808
1341846240.357948 0.061000239 -0.035314497 -0.005571196 0.054347470 -0.012825522 -0.016341377 0.998306036
1341846240.422212 0.058817692 -0.038771778 -0.002682717 0.056464821 -0.012609792 -0.018844103 0.998147070
1341846240.458143 0.060628217 -0.033762231 0.000160546 0.057223875 -0.013373509 -0.018492909 0.998100519
1341846240.490243 0.059489805 -0.037002392 -0.000386781 0.056441993 -0.014171713 -0.018532857 0.998133302
1341846240.525976 0.062790602 -0.040451158 -0.001355915 0.056716178 -0.015302937 -0.018637719 0.998099029
1341846240.557894 0.065502502 -0.037789345 -0.008056060 0.058185156 -0.015486186 -0.019523177 0.997994721
1341846240.590418 0.061092954 -0.040101640 -0.006041010 0.058125656 -0.015244232 -0.020466166 0.997983038
1341846240.626172 0.061335128 -0.040848635 -0.006894442 0.058206134 -0.015839307 -0.020331327 0.997971833
1341846240.657964 0.060420465 -0.041239664 -0.005115609 0.058614012 -0.016292132 -0.020416012 0.997938931
1341846240.689825 0.062956266 -0.041161869 -0.004205154 0.059617162 -0.016721698 -0.020954045 0.997861266
1341846240.725903 0.063254751 -0.040899303 -0.007709046 0.059187625 -0.017055776 -0.020756511 0.997885287
1341846240.757973 0.063495517 -0.039129902 -0.007971760 0.060097229 -0.017447924 -0.021059429 0.997817814
1341846240.794024 0.060107149 -0.039880473 -0.006873885 0.061404753 -0.017159807 -0.020988449 0.997744679
1341846240.826068 0.060321748 -0.036065336 -0.002391862 0.062467389 -0.017192435 -0.021470685 0.997667909
1341846240.858147 0.060500324 -0.031932537 -0.004493618 0.062114846 -0.016836809 -0.022010967 0.997684181
1341846240.894038 0.061300460 -0.032659162 -0.003980786 0.061238449 -0.017142279 -0.021755867 0.997738719
1341846240.925975 0.059179254 -0.038480822 -0.006444861 0.059801973 -0.016714921 -0.021461958 0.997839510
1341846240.958080 0.062348168 -0.035694979 -0.008474599 0.059821792 -0.017305959 -0.020441124 0.997849703
1341846240.994099 0.052412987 -0.034214396 -0.004962367 0.059606340 -0.015791086 -0.021455515 0.997866392
1341846241.026041 0.051378392 -0.036601640 0.001725985 0.060342882 -0.015570788 -0.021762155 0.997818947
1341846241.062449 0.060269069 -0.035758615 -0.005898917 0.061055735 -0.016783606 -0.022354547 0.997742832
1341846241.094372 0.060424160 -0.033423841 -0.007274014 0.060148075 -0.016807688 -0.022346519 0.997797728
1341846241.126068 0.063273557 -0.037628047 -0.006123735 0.059277847 -0.017184446 -0.022360645 0.997843087
1341846241.167863 0.059966501 -0.039235856 -0.003686535 0.060258672 -0.016547587 -0.022777613 0.997785628
1341846241.230127 0.063454501 -0.036296878 -0.005810120 0.060140505 -0.017164608 -0.024716742 0.997736216
1341846241.261868 0.061456151 -0.035893660 -0.004362305 0.060960367 -0.016823087 -0.024557253 0.997696221
1341846241.295211 0.063553885 -0.034696963 -0.007598775 0.061056998 -0.017447185 -0.025114430 0.997665703
1341846241.329804 0.059266742 -0.037055861 -0.004762049 0.060106400 -0.016283438 -0.026380368 0.997710466
1341846241.362000 0.059952650 -0.037163835 -0.005488301 0.059584480 -0.016187709 -0.026698552 0.997734845
1341846241.394012 0.057902187 -0.037182678 -0.004198890 0.059724770 -0.015905304 -0.026801405 0.997728229
1341846241.430126 0.061674673 -0.036482114 -0.006220340 0.060185798 -0.016810432 -0.026752774 0.997686982
1341846241.462018 0.060364995 -0.036282126 -0.007283106 0.060089920 -0.016480984 -0.026696140 0.997699797
1341846241.497907 0.064060219 -0.037113890 -0.006000831 0.060087599 -0.016827373 -0.026833076 0.997690499
1341846241.529930 0.061648954 -0.036763981 -0.007868970 0.059827030 -0.016591584 -0.027023239 0.997704923
1341846241.562493 0.059180271 -0.037053064 -0.008646141 0.059304364 -0.016449858 -0.027202778 0.997733653
1341846241.598412 0.060524840 -0.036347095 -0.009084496 0.059981067 -0.016672909 -0.027697057 0.997675896
1341846241.629998 0.060780987 -0.037052583 -0.009556300 0.059993707 -0.016499348 -0.027249018 0.997690320
1341846241.662234 0.060915247 -0.036549661 -0.009461860 0.060164280 -0.016507285 -0.027208654 0.997681022
1341846241.698098 0.060367011 -0.035881564 -0.011268725 0.060384192 -0.016112214 -0.027015699 0.997679472
1341846241.729805 0.061459668 -0.036975671 -0.010250454 0.059934836 -0.016521916 -0.027207002 0.997694671
1341846241.765805 0.059514824 -0.036331709 -0.009309138 0.060243398 -0.016207732 -0.027501315 0.997673154
1341846241.797970 0.057751387 -0.035894729 -0.007781064 0.060888797 -0.015941806 -0.027941229 0.997626007
1341846241.830240 0.057902947 -0.036342826 -0.009862531 0.060971007 -0.015820332 -0.028062401 0.997619569
1341846241.865867 0.058432270 -0.036787577 -0.009278623 0.060771704 -0.016047355 -0.028024429 0.997629166
1341846241.898156 0.058646955 -0.036436651 -0.009043481 0.060991600 -0.016083457 -0.027829573 0.997620583
1341846241.929917 0.059975430 -0.036890958 -0.011245701 0.061610218 -0.016115377 -0.028191315 0.997571945
1341846241.965882 0.059442289 -0.034908772 -0.013231504 0.061241761 -0.015728513 -0.028104266 0.997603238
1341846241.998017 0.058682196 -0.036350522 -0.009340941 0.060916651 -0.015926791 -0.027945334 0.997624457
1341846242.034019 0.057404015 -0.035346393 -0.011106939 0.061550744 -0.015541884 -0.027343433 0.997608304
1341846242.066365 0.058741976 -0.038602378 -0.006658734 0.061979841 -0.015845641 -0.028981475 0.997530699
1341846242.097916 0.057832938 -0.035903033 -0.009720441 0.062973633 -0.015397100 -0.027153324 0.997526884
1341846242.133980 0.056855392 -0.038240448 -0.006163770 0.063968554 -0.015613432 -0.027751880 0.997443795
1341846242.165895 0.056882966 -0.035862889 -0.008924436 0.064673632 -0.015260366 -0.027602904 0.997407913
1341846242.197924 0.056369230 -0.036990315 -0.008900043 0.064776585 -0.015103118 -0.028552618 0.997376859
1341846242.234487 0.057158649 -0.037862409 -0.006180544 0.066001870 -0.015263786 -0.027900904 0.997312546
1341846242.269588 0.055403143 -0.035882372 -0.009740219 0.067274883 -0.014583478 -0.028369078 0.997224450
1341846242.301972 0.057483979 -0.033982478 -0.013053443 0.066992529 -0.014487565 -0.030055607 0.997195423
1341846242.333996 0.058893122 -0.037332829 -0.008656287 0.066553570 -0.014943241 -0.028361421 0.997267783
1341846242.366000 0.061074320 -0.035027165 -0.014762501 0.067543410 -0.014917909 -0.027982846 0.997212291
1341846242.401903 0.061294138 -0.035095327 -0.015117073 0.067437366 -0.015165553 -0.028052060 0.997213781
1341846242.433933 0.061572902 -0.035437200 -0.012442545 0.067741975 -0.015098871 -0.028455000 0.997182727
1341846242.469883 0.061498694 -0.036725506 -0.012151064 0.068794899 -0.014503384 -0.028835751 0.997108519
1341846242.501972 0.059655428 -0.034247465 -0.012740567 0.069399759 -0.014431264 -0.029206028 0.997056901
1341846242.534063 0.060903478 -0.034804612 -0.011864722 0.068562232 -0.014912480 -0.029711446 0.997092783
1341846242.569931 0.060171913 -0.033443082 -0.013047162 0.068768837 -0.014189894 -0.029494388 0.997095585
1341846242.602000 0.059810597 -0.032300148 -0.013476015 0.068841211 -0.014116021 -0.028832577 0.997110963
1341846242.634077 0.060273368 -0.032269023 -0.016489908 0.067728139 -0.014260755 -0.028877700 0.997183800
1341846242.670215 0.059585840 -0.032291837 -0.014729184 0.067258179 -0.013961568 -0.028817227 0.997221649
1341846242.701929 0.058698554 -0.032358266 -0.014517427 0.067069426 -0.013807258 -0.029597020 0.997213662
1341846242.737996 0.058756389 -0.030759772 -0.015019217 0.067048900 -0.014279064 -0.029588144 0.997208655
1341846242.769937 0.059389524 -0.029974338 -0.014938432 0.067846224 -0.014564269 -0.030128973 0.997134387
1341846242.808080 0.061454665 -0.030923959 -0.016539901 0.067924187 -0.014659930 -0.030465586 0.997117460
1341846242.869936 0.062905319 -0.029725175 -0.017753845 0.066625550 -0.015196526 -0.030811874 0.997186422
1341846242.902131 0.061891481 -0.030146251 -0.015985640 0.066664301 -0.014953649 -0.031207843 0.997175157
1341846242.938061 0.062367681 -0.030377477 -0.016446287 0.067078710 -0.015303544 -0.031263459 0.997140348
1341846242.969969 0.062283270 -0.029666753 -0.016224263 0.068037473 -0.015874781 -0.031570800 0.997056723
1341846243.005810 0.062144309 -0.028729048 -0.017298630 0.068778440 -0.016179187 -0.031265210 0.997010648
1341846243.038095 0.061994094 -0.029590925 -0.018315025 0.068196714 -0.016603794 -0.030855376 0.997056425
1341846243.070041 0.062748991 -0.029415734 -0.021601412 0.067050785 -0.017202910 -0.031165218 0.997114301
1341846243.106059 0.062619515 -0.029307622 -0.018602807 0.066362716 -0.017315464 -0.032136340 0.997127593
1341846243.137899 0.062697873 -0.028861934 -0.018676402 0.066808827 -0.016881043 -0.031503417 0.997125447
1341846243.169985 0.062880196 -0.030075841 -0.018107655 0.066582695 -0.017171573 -0.031189295 0.997145474
1341846243.206007 0.062791675 -0.029860310 -0.020023894 0.066430897 -0.017029164 -0.032066844 0.997130215
1341846243.237999 0.062082581 -0.028830167 -0.020621927 0.065758035 -0.016243771 -0.032882407 0.997161388
1341846243.274026 0.061885230 -0.030347200 -0.019445013 0.065329641 -0.015833406 -0.033356521 0.997180343
1341846243.305879 0.062311195 -0.029428048 -0.019139649 0.066238306 -0.015878370 -0.033693217 0.997108340
1341846243.338022 0.061816193 -0.029744815 -0.019452762 0.067211621 -0.015739759 -0.033764135 0.997043014
1341846243.374348 0.061918288 -0.029114945 -0.019081347 0.068137683 -0.015882324 -0.033271048 0.996994495
1341846243.405837 0.062687978 -0.029331187 -0.019633571 0.068356760 -0.016637040 -0.033182517 0.996970117
1341846243.442193 0.063603900 -0.028554702 -0.023818271 0.068637781 -0.016900364 -0.033182308 0.996946394
1341846243.473902 0.061372094 -0.028859394 -0.020306282 0.068926968 -0.016270636 -0.033436693 0.996928453
1341846243.505839 0.063360736 -0.028920505 -0.021903820 0.068747319 -0.017063178 -0.032990798 0.996942461
1341846243.542001 0.063136652 -0.027520048 -0.025290390 0.068615869 -0.017202742 -0.033629980 0.996927738
1341846243.574058 0.062717855 -0.028570104 -0.023848481 0.068457775 -0.016472852 -0.033370033 0.996959686
1341846243.605841 0.062347487 -0.028717525 -0.020973159 0.068925560 -0.015998736 -0.033571333 0.996928394
1341846243.642015 0.063424833 -0.029747924 -0.023003764 0.069307655 -0.016151009 -0.032785796 0.996925592
1341846243.673926 0.063487120 -0.028996794 -0.022937866 0.069170371 -0.016175494 -0.033075701 0.996925175
1341846243.710095 0.062212385 -0.029081142 -0.020795949 0.069619350 -0.015578744 -0.033271357 0.996896923
1341846243.741951 0.063241869 -0.029804535 -0.022605533 0.069404140 -0.016293060 -0.033228330 0.996901929
1341846243.774067 0.063288458 -0.028172180 -0.023853926 0.068960302 -0.016371500 -0.033619512 0.996918321
1341846243.809881 0.060258489 -0.031266730 -0.025858799 0.068166018 -0.015453715 -0.033354815 0.996996522
1341846243.841971 0.061247408 -0.030986613 -0.026362749 0.068703957 -0.015837174 -0.032590289 0.996978819
1341846243.874062 0.060876667 -0.031677827 -0.025302621 0.069257721 -0.016356347 -0.032100338 0.996948004
1341846243.910022 0.061486397 -0.030798655 -0.028170334 0.070021436 -0.016384877 -0.032605115 0.996877849
1341846243.978045 0.063916132 -0.028988410 -0.028449267 0.069843896 -0.015376110 -0.033544257 0.996875167
1341846244.009892 0.064364769 -0.028330334 -0.025409736 0.069434576 -0.015216243 -0.033072911 0.996922016
1341846244.042105 0.063140318 -0.029107237 -0.023734743 0.070263319 -0.014595038 -0.032196801 0.996901870
1341846244.077884 0.063556030 -0.028068135 -0.023417572 0.071156219 -0.014632636 -0.031782266 0.996851325
1341846244.115904 0.065593779 -0.029899396 -0.025685187 0.069929093 -0.015094614 -0.031605765 0.996936858
1341846244.151850 0.063195668 -0.030217182 -0.019886222 0.069711074 -0.014460864 -0.031583749 0.996962249
1341846244.184334 0.064158455 -0.028427936 -0.022705236 0.070925474 -0.014398581 -0.030749490 0.996903539
1341846244.215953 0.064192861 -0.027020540 -0.026049763 0.070937924 -0.014401729 -0.030828740 0.996900201
1341846244.251877 0.062646762 -0.029029321 -0.024096219 0.069859371 -0.014260593 -0.031116160 0.996969461
1341846244.283880 0.061805777 -0.028570531 -0.026963957 0.070995666 -0.014316428 -0.030588143 0.996904671
1341846244.316068 0.061269209 -0.029848687 -0.027188186 0.071197577 -0.014578347 -0.031112550 0.996870279
1341846244.351999 0.058831699 -0.029794030 -0.029323846 0.071031228 -0.014551940 -0.031125460 0.996882141
1341846244.384040 0.061640125 -0.028574625 -0.028737707 0.071549237 -0.015555989 -0.030036813 0.996863306
1341846244.419869 0.062789090 -0.030369673 -0.028643606 0.071464732 -0.015678028 -0.029752575 0.996876001
1341846244.451888 0.062964708 -0.026136944 -0.026392693 0.071453080 -0.014992656 -0.030353000 0.996869266
1341846244.483871 0.064424157 -0.029699208 -0.025134828 0.069949828 -0.014408606 -0.030514101 0.996979594
1341846244.519923 0.064349130 -0.031170741 -0.024614993 0.070005938 -0.013812279 -0.030048039 0.996998250
1341846244.551942 0.064682223 -0.032051045 -0.026475322 0.070743218 -0.013113979 -0.029225860 0.996980071
1341846244.583892 0.065119870 -0.032237060 -0.027934385 0.071140818 -0.012479913 -0.027453979 0.997010291
1341846244.619870 0.063216664 -0.029326577 -0.026206160 0.071259871 -0.012130179 -0.026156295 0.997040987
1341846244.651850 0.064869046 -0.031211022 -0.024439001 0.071674161 -0.012127752 -0.025098734 0.997038484
1341846244.683815 0.065832146 -0.030584328 -0.025804421 0.072613180 -0.012068236 -0.023779273 0.997003615
1341846244.719873 0.066283457 -0.029564409 -0.024342302 0.072573766 -0.011443732 -0.024094874 0.997006297
1341846244.751827 0.067123406 -0.032940753 -0.025494862 0.071723051 -0.010919025 -0.024156110 0.997072220
1341846244.788300 0.067658186 -0.032403391 -0.023027804 0.072725639 -0.010642753 -0.024364049 0.996997535
1341846244.820099 0.065824516 -0.029694455 -0.022307277 0.074009947 -0.009501959 -0.024997247 0.996898890
1341846244.851973 0.074563175 -0.041529868 -0.025445901 0.074219137 -0.010032994 -0.023437100 0.996915996
1341846244.887873 0.074138574 -0.036055919 -0.026251851 0.076630503 -0.008577661 -0.023606060 0.996743143
1341846244.920072 0.073463604 -0.036277153 -0.026282074 0.076808535 -0.007348049 -0.023783019 0.996735096
1341846244.952621 0.077613659 -0.040213961 -0.025666188 0.076987721 -0.006987406 -0.022853492 0.996745586
1341846244.987985 0.077708878 -0.035288539 -0.023202199 0.078266710 -0.006461252 -0.021625219 0.996676922
1341846245.020060 0.077629969 -0.029283572 -0.022282055 0.078078777 -0.006111899 -0.021162534 0.996703804
1341846245.051869 0.079767115 -0.030754158 -0.021619905 0.076269478 -0.005725145 -0.022399137 0.996819198
1341846245.088236 0.079517342 -0.033129901 -0.017530743 0.074949801 -0.004931380 -0.022072352 0.996930778
1341846245.119935 0.081158392 -0.033925746 -0.015754132 0.074561492 -0.004755003 -0.022395434 0.996953547
1341846245.151835 0.080063418 -0.033804175 -0.013979157 0.074945562 -0.004467545 -0.022778926 0.996917367
1341846245.187889 0.079149827 -0.036300879 -0.020062529 0.075416870 -0.004182759 -0.023002958 0.996877968
1341846245.219842 0.075805180 -0.030138748 -0.018050341 0.076002784 -0.003934806 -0.022575879 0.996844232
1341846245.256030 0.076056264 -0.030553825 -0.018730294 0.075183079 -0.003638552 -0.023202861 0.996893108
1341846245.287962 0.076097734 -0.032802131 -0.016311862 0.074794531 -0.003480486 -0.024040088 0.996903062
1341846245.319885 0.075303026 -0.034645848 -0.017976353 0.074492462 -0.003343731 -0.025090750 0.996900260
1341846245.355859 0.071667120 -0.031012347 -0.021223465 0.074744277 -0.003286625 -0.025335668 0.996875405
1341846245.387919 0.071621113 -0.034086999 -0.018947478 0.074343033 -0.003566955 -0.026301095 0.996879458
1341846245.423977 0.070943534 -0.032473117 -0.021343838 0.074943475 -0.003237091 -0.026466019 0.996831238
1341846245.455822 0.074551217 -0.036574151 -0.025736980 0.074833997 -0.003617991 -0.027267471 0.996816516
1341846245.487804 0.072173156 -0.035133883 -0.020626051 0.075469986 -0.003548202 -0.026635965 0.996785939
1341846245.523916 0.073383912 -0.035063937 -0.024100928 0.075479060 -0.003679016 -0.026709791 0.996782780
1341846245.555797 0.073423572 -0.037515704 -0.022301042 0.075084805 -0.003489335 -0.026672393 0.996814251
1341846245.591988 0.070404045 -0.042689286 -0.023359619 0.075109668 -0.003213041 -0.026675055 0.996813238
1341846245.623837 0.069692254 -0.037863366 -0.020658350 0.076961629 -0.003565666 -0.025413742 0.996703684
1341846245.655890 0.074317418 -0.037236150 -0.020206288 0.077113844 -0.003865883 -0.025499711 0.996688604
1341846245.692060 0.074295461 -0.037466176 -0.021789944 0.076490015 -0.002961160 -0.026560182 0.996712148
1341846245.724517 0.074188329 -0.043000732 -0.018394923 0.076125197 -0.002916662 -0.025975572 0.996755600
1341846245.760068 0.076010026 -0.043105032 -0.019124333 0.077257887 -0.003161094 -0.025323875 0.996684492
1341846245.791914 0.076413490 -0.035794843 -0.017390464 0.078438848 -0.002908247 -0.025247058 0.996594906
1341846245.824142 0.078178935 -0.038006019 -0.018713793 0.077657178 -0.002561905 -0.024906190 0.996665716
1341846245.860005 0.070874549 -0.035537764 -0.011799446 0.077546209 -0.001078780 -0.024649352 0.996683359
1341846245.891878 0.069556057 -0.034543458 -0.010330385 0.076926000 -0.000675076 -0.025371291 0.996713698
1341846245.927903 0.068492882 -0.038880397 -0.014089544 0.076897226 0.000295503 -0.025296660 0.996717989
1341846245.986182 0.067923293 -0.037132684 -0.013651332 0.077738725 0.000119593 -0.024994275 0.996660352
1341846246.022057 0.067867808 -0.037589371 -0.011005356 0.078447603 -0.000021380 -0.025351955 0.996595800
1341846246.053871 0.069748923 -0.043238319 -0.013001163 0.078783505 -0.000557863 -0.024496663 0.996590555
1341846246.085916 0.064783476 -0.040058494 -0.010208939 0.080684975 -0.000911850 -0.024244830 0.996444345
1341846246.121806 0.063234977 -0.036985490 -0.013047291 0.081642717 -0.001882591 -0.025010826 0.996345997
1341846246.153949 0.064529508 -0.038692206 -0.014039292 0.082453504 -0.002221374 -0.026778426 0.996232569
1341846246.222002 0.063801616 -0.034481388 -0.014595698 0.082944594 -0.001973419 -0.029318605 0.996120811
1341846246.253984 0.066091552 -0.040166415 -0.014471756 0.082247816 -0.002478910 -0.030544765 0.996140599
1341846246.289808 0.063847363 -0.035614166 -0.015221072 0.084055781 -0.001649987 -0.031735674 0.995954156
1341846246.322001 0.062648118 -0.031440992 -0.017142121 0.083720341 -0.000281863 -0.033088833 0.995939732
1341846246.353946 0.064966135 -0.032983419 -0.015344497 0.081843741 0.000205997 -0.034061342 0.996062934
1341846246.389885 0.063881375 -0.035320185 -0.013492446 0.080435768 0.001150573 -0.033875849 0.996183276
1341846246.421855 0.064284965 -0.036443722 -0.013289509 0.080641188 0.001542176 -0.031996328 0.996228278
1341846246.457915 0.062478308 -0.031966385 -0.014394047 0.080583356 0.001821331 -0.029890813 0.996297956
1341846246.489829 0.069027938 -0.030812591 -0.015931988 0.079798393 0.001865338 -0.028060954 0.996414244
1341846246.521912 0.066440351 -0.030709688 -0.016734589 0.078678660 0.004167165 -0.028309438 0.996489227
1341846246.558038 0.064642884 -0.033429503 -0.013709012 0.077778816 0.005865862 -0.029244320 0.996524334
1341846246.589826 0.061113700 -0.033453949 -0.015400392 0.078364015 0.006900792 -0.028506154 0.996493280
1341846246.622033 0.061860416 -0.033137832 -0.016869273 0.078544825 0.006594650 -0.025912203 0.996551931
1341846246.658046 0.061397962 -0.030905249 -0.014115357 0.078215905 0.006082458 -0.024642128 0.996613264
1341846246.689939 0.060153455 -0.032984905 -0.015959090 0.077571407 0.005541508 -0.025604131 0.996642530
1341846246.725903 0.062504128 -0.030883357 -0.015003808 0.077672534 0.005029115 -0.025732020 0.996634126
1341846246.757894 0.063254721 -0.029662622 -0.015687663 0.077075809 0.004983516 -0.026341001 0.996664762
1341846246.789989 0.062746957 -0.029924054 -0.011181266 0.076314084 0.004990339 -0.027181285 0.996700764
1341846246.826059 0.060378797 -0.034247641 -0.009598031 0.075970702 0.004839261 -0.027109371 0.996729732
1341846246.857869 0.063228577 -0.034695644 -0.010652186 0.076914817 0.004170668 -0.027088815 0.996660888
1341846246.893944 0.064101495 -0.030899450 -0.012975531 0.077192120 0.003439496 -0.026261246 0.996664405
1341846246.925896 0.062386740 -0.032823771 -0.009643210 0.076438650 0.003025938 -0.026583232 0.996715248
1341846246.958090 0.064162485 -0.033560619 -0.012081638 0.076364987 0.002810113 -0.026010511 0.996736646
1341846246.993936 0.062249087 -0.033570744 -0.012726266 0.076167539 0.002809352 -0.027503751 0.996711671
1341846247.026204 0.065398425 -0.034587413 -0.011163338 0.075996995 0.002219994 -0.028496455 0.996698260
1341846247.057936 0.061911024 -0.035238951 -0.010136231 0.076987185 0.002567028 -0.029205168 0.996600926
1341846247.093899 0.062033672 -0.034983117 -0.009299697 0.077837318 0.002012226 -0.028679719 0.996551454
1341846247.126028 0.064335436 -0.032988720 -0.011533740 0.077820204 0.001076060 -0.028145254 0.996569455
1341846247.162093 0.064984858 -0.037715290 -0.008690523 0.078367248 0.000908737 -0.027334185 0.996549308
1341846247.194072 0.061978403 -0.036202855 -0.007417361 0.081589796 0.002588122 -0.025740251 0.996330202
1341846247.225977 0.062959701 -0.037270986 -0.006659017 0.082447827 0.002449554 -0.024019346 0.996302903
1341846247.261953 0.064376548 -0.038620517 -0.008186438 0.085674614 0.002903846 -0.024466995 0.996018469
1341846247.293957 0.063485861 -0.039091587 -0.004593171 0.089937538 0.004281116 -0.024840832 0.995628357
1341846247.325987 0.062332198 -0.030416850 -0.009376047 0.091518857 0.003726824 -0.023969103 0.995507836
1341846247.361940 0.063844003 -0.029428266 -0.011957290 0.089454167 0.002193055 -0.023566207 0.995709658
1341846247.430187 0.062479727 -0.027992046 -0.007153329 0.085370295 0.001679803 -0.024357790 0.996050060
1341846247.462223 0.064457342 -0.034706715 -0.006310627 0.084116153 0.000569422 -0.025373390 0.996132672
1341846247.493952 0.066973247 -0.034709454 -0.005790992 0.084374785 -0.000100715 -0.025769608 0.996100783
1341846247.530027 0.067102134 -0.038660951 -0.001744681 0.084874600 -0.000036045 -0.025692353 0.996060312
1341846247.562209 0.068695962 -0.042205386 -0.004142012 0.086824566 0.000138228 -0.024118219 0.995931625
1341846247.594166 0.067601062 -0.034072306 -0.003371537 0.089149296 0.000023719 -0.023219042 0.995747626
1341846247.630035 0.066218562 -0.034308232 -0.004557330 0.087332428 -0.000776878 -0.023404624 0.995903969
1341846247.662701 0.071402490 -0.038077552 0.002502977 0.086287506 -0.001679084 -0.022038897 0.996025085
1341846247.697913 0.069889359 -0.035829779 -0.000755289 0.087212265 -0.000945000 -0.020598991 0.995976269
1341846247.730051 0.069183849 -0.037111845 -0.000056024 0.085603558 -0.001945590 -0.019414840 0.996138215
1341846247.762180 0.071642146 -0.042830631 0.004920337 0.085936375 -0.002553946 -0.018086508 0.996133149
1341846247.798768 0.074049182 -0.035132609 0.001256048 0.088664226 -0.002380936 -0.016264532 0.995925963
1341846247.830259 0.073659517 -0.026026780 0.004431858 0.088325322 -0.002600416 -0.015551014 0.995966852
1341846247.865875 0.076995157 -0.038811371 0.005903445 0.085408226 -0.002929395 -0.016655242 0.996202528
1341846247.898157 0.076454036 -0.043742761 0.004381768 0.087322213 -0.001459770 -0.015711922 0.996055126
1341846247.930002 0.068347566 -0.035608489 -0.003565208 0.088885702 -0.002055499 -0.015291907 0.995922327
1341846247.966006 0.076620959 -0.039473146 0.000850986 0.087553412 -0.005341510 -0.013973068 0.996047497
1341846247.998062 0.077745408 -0.043804392 0.005185009 0.089424208 -0.005082088 -0.013804105 0.995885015
1341846248.030615 0.074942701 -0.036778904 0.003144243 0.091659561 -0.004112504 -0.014697873 0.995673418
1341846248.065891 0.075365119 -0.028369097 0.003471022 0.091096669 -0.004133748 -0.014645319 0.995725751
1341846248.098211 0.084970422 -0.040291183 0.002047388 0.089164607 -0.003974658 -0.015462207 0.995888948
1341846248.133929 0.082092442 -0.036758367 0.000476771 0.091249675 0.000367790 -0.018324105 0.995659351
1341846248.166050 0.083211757 -0.025483135 0.004263671 0.091595158 0.002107185 -0.019403391 0.995605052
1341846248.198024 0.075104229 -0.037828710 0.008357686 0.089300498 0.002801594 -0.021149758 0.995776176
1341846248.233930 0.078779444 -0.040116485 0.003443584 0.091073006 0.002858411 -0.020652274 0.995625913
1341846248.265968 0.074861541 -0.027596388 0.009449166 0.092855163 0.004059530 -0.022945812 0.995406926
1341846248.297927 0.074036077 -0.030846421 0.011556875 0.090147786 0.003689382 -0.024869161 0.995611012
1341846248.333956 0.078257330 -0.040812351 0.011682616 0.089511350 0.002740216 -0.026902571 0.995618641
1341846248.366013 0.076942325 -0.038840719 0.011358448 0.091283821 0.002899106 -0.026452167 0.995469332
1341846248.402093 0.075350210 -0.035866950 0.011319366 0.091064699 0.002049953 -0.026025627 0.995502710
1341846248.433862 0.082343280 -0.041639566 0.013040720 0.090694346 0.001068680 -0.026391085 0.995528460
1341846248.466804 0.082297727 -0.034181293 0.011267757 0.092576474 0.002469616 -0.027505536 0.995322526
1341846248.502139 0.072535433 -0.026357880 0.011373730 0.091011964 0.003405563 -0.028384168 0.995439410
1341846248.534215 0.072304234 -0.038580470 0.012772703 0.087602839 0.001080273 -0.027225954 0.995782733
1341846248.565971 0.082207970 -0.037436940 0.014547016 0.090039708 -0.000092009 -0.026922213 0.995574236
1341846248.602003 0.079563178 -0.027641099 0.011753805 0.089538403 0.001449084 -0.027680771 0.995597601
1341846248.640295 0.079120405 -0.040249251 0.013040681 0.087200202 0.001452705 -0.027416695 0.995812356
1341846248.675831 0.080756523 -0.042568229 0.015271363 0.089947343 0.001915863 -0.026915671 0.995580912
1341846248.708095 0.079982422 -0.036213346 0.013758481 0.091992415 0.002952141 -0.027353358 0.995379567
1341846248.740085 0.075465105 -0.040056854 0.015830409 0.090954691 0.003164021 -0.027268540 0.995476604
1341846248.802167 0.078380480 -0.040012173 0.011558221 0.093704090 0.002358667 -0.027792891 0.995209277
1341846248.833950 0.075854830 -0.042244226 0.015735390 0.093149401 0.002350268 -0.027720269 0.995263398
1341846248.869901 0.076194085 -0.046265345 0.014060800 0.094108559 0.002030798 -0.027059328 0.995192051
1341846248.901932 0.077572644 -0.043457862 0.014314039 0.096019097 0.002238443 -0.027434638 0.994998813
1341846248.938035 0.072845735 -0.040217482 0.012445703 0.095842563 0.002807950 -0.027604487 0.995009661
1341846248.969908 0.072823264 -0.040833004 0.013463079 0.094896629 0.002200709 -0.028019249 0.995090306
1341846249.001964 0.075222813 -0.039944876 0.015284318 0.094728291 0.002013101 -0.027999962 0.995107293
1341846249.037998 0.071363151 -0.035838686 0.011596126 0.095161758 0.002388378 -0.027094476 0.995090187
1341846249.069961 0.072267495 -0.037244331 0.015518159 0.093540683 0.001218230 -0.026238814 0.995268881
1341846249.105888 0.081109501 -0.038498580 0.015844736 0.093534857 0.000856373 -0.025867408 0.995279551
1341846249.138041 0.075654767 -0.036629554 0.016339783 0.093754254 0.002539763 -0.025906421 0.995254993
1341846249.169904 0.075978450 -0.040064801 0.016851097 0.093266726 0.002554079 -0.024557991 0.995334983
1341846249.206013 0.081523620 -0.041212086 0.015439134 0.094759658 0.002411831 -0.024012068 0.995207608
1341846249.237872 0.080159068 -0.034773964 0.014479348 0.095340185 0.003887712 -0.023891270 0.995150387
1341846249.306095 0.083860822 -0.044149961 0.018478958 0.093721285 0.003981842 -0.024021346 0.995300710
1341846249.337853 0.079535611 -0.035116851 0.016273653 0.095827125 0.006090165 -0.024349786 0.995081484
1341846249.373854 0.081659727 -0.031336065 0.017161451 0.094463542 0.005937827 -0.024709528 0.995203912
1341846249.405928 0.085271373 -0.042579561 0.017221337 0.092476755 0.006705176 -0.025535693 0.995364785
1341846249.437945 0.083175592 -0.039102063 0.017037809 0.093895748 0.008615680 -0.026168050 0.995200813
1341846249.474182 0.085418813 -0.034924798 0.017689152 0.093520008 0.008236612 -0.025342073 0.995260775
1341846249.505956 0.087460242 -0.037776865 0.018292408 0.091981672 0.007830034 -0.025138935 0.995412529
1341846249.538288 0.088415205 -0.038745049 0.019425750 0.091829397 0.008097520 -0.025394559 0.995417953
1341846249.574263 0.084430791 -0.036023837 0.020744508 0.091312312 0.008405356 -0.024916355 0.995475054
1341846249.606015 0.084064603 -0.039119288 0.022809338 0.089583389 0.007456463 -0.022727570 0.995692015
1341846249.641995 0.082837649 -0.039242569 0.019171951 0.089965723 0.006404267 -0.021280088 0.995696902
1341846249.674108 0.087113395 -0.029323284 0.016611975 0.089655019 0.004810899 -0.019679822 0.995766819
1341846249.706034 0.088338941 -0.033469830 0.018744595 0.086541325 0.003800939 -0.019068763 0.996058524
1341846249.742012 0.087796763 -0.040473267 0.020783646 0.085510865 0.002274653 -0.017511275 0.996180773
1341846249.773906 0.080903992 -0.037146863 0.017821826 0.086471200 0.000992402 -0.015037607 0.996140361
1341846249.806093 0.084667236 -0.033628814 0.022888551 0.085840516 -0.002587140 -0.011855478 0.996235013
1341846249.842148 0.089599818 -0.033204660 0.022716613 0.085255288 -0.004944869 -0.010580732 0.996290684
1341846249.873923 0.087489955 -0.037583519 0.020580364 0.084436864 -0.006750502 -0.008511872 0.996369600
1341846249.909991 0.086778544 -0.031825136 0.018719908 0.084849775 -0.010262024 -0.005762386 0.996324241
1341846249.942024 0.085840985 -0.031700976 0.024883404 0.084725946 -0.012884455 -0.004841093 0.996309221
1341846249.974199 0.092942536 -0.028506685 0.021077966 0.085452683 -0.014939747 -0.005636035 0.996214271
1341846250.010384 0.089212343 -0.028412361 0.018173901 0.085058838 -0.015889093 -0.005457924 0.996234298
1341846250.042022 0.092794076 -0.030991243 0.021141563 0.084997289 -0.018663382 -0.003373643 0.996200621
1341846250.078047 0.099910855 -0.025810368 0.022765771 0.087480746 -0.019106561 -0.002963747 0.995978534
1341846250.109945 0.099629290 -0.017201725 0.020417318 0.087859660 -0.017351598 -0.004072510 0.995973408
1341846250.141849 0.101718582 -0.021273678 0.021878833 0.085331477 -0.016157806 -0.004061705 0.996213317
1341846250.177803 0.108826995 -0.023824051 0.016140115 0.085492864 -0.014299736 -0.004527867 0.996225893
1341846250.210137 0.109463178 -0.016867299 0.016218385 0.086750738 -0.010436011 -0.006154485 0.996156335
1341846250.241903 0.104486100 -0.014510544 0.019635579 0.086032391 -0.007531788 -0.009152305 0.996221840
1341846250.277878 0.104188703 -0.014972161 0.018747745 0.085223563 -0.006311788 -0.010844262 0.996282816
1341846250.309873 0.100667693 -0.015678518 0.018654611 0.084500223 -0.005579750 -0.011160166 0.996345341
1341846250.346142 0.101644523 -0.019076034 0.018169448 0.084378093 -0.006080747 -0.011663592 0.996347010
1341846250.377944 0.104889251 -0.017055763 0.019704739 0.085076235 -0.006385278 -0.010768014 0.996295810
1341846250.410038 0.103462264 -0.019541342 0.019678105 0.085503571 -0.006581360 -0.011067919 0.996254623
1341846250.445984 0.105228744 -0.017017877 0.018774904 0.086697549 -0.006597286 -0.011788660 0.996143103
1341846250.477872 0.100800507 -0.016425338 0.016818564 0.085980080 -0.006430139 -0.011759275 0.996206701
1341846250.509930 0.097917363 -0.021630011 0.017647646 0.085411161 -0.008163615 -0.010092328 0.996261239
1341846250.546119 0.105978698 -0.015569182 0.021198645 0.086804278 -0.010165536 -0.009664577 0.996126652
1341846250.577998 0.104738846 -0.011964266 0.022099422 0.085784487 -0.009116754 -0.010556837 0.996216059
1341846250.613828 0.103518263 -0.017596630 0.023247644 0.083706461 -0.008979080 -0.009436546 0.996405303
1341846250.646114 0.106583357 -0.017659973 0.023103269 0.084279269 -0.009585489 -0.006775924 0.996372998
1341846250.677812 0.108464472 -0.013193646 0.021781249 0.084373072 -0.009337932 -0.005173145 0.996377051
1341846250.713958 0.106845059 -0.010925886 0.022753155 0.083221897 -0.008127993 -0.004533081 0.996487558
1341846250.745904 0.104956351 -0.013823452 0.020077839 0.081866518 -0.007748026 -0.002096053 0.996610999
1341846250.777886 0.104142524 -0.013570406 0.021228742 0.081285350 -0.009599694 0.000432173 0.996644557
1341846250.814024 0.106640488 -0.011299442 0.023607878 0.080942638 -0.010484410 -0.000107773 0.996663570
1341846250.846025 0.106796220 -0.010516440 0.023123451 0.079472572 -0.010125211 -0.001431210 0.996784568
1341846250.881824 0.104338124 -0.019594871 0.024702130 0.079076312 -0.010130958 -0.000795465 0.996816754
1341846250.913808 0.108235508 -0.014677306 0.023145238 0.081811137 -0.010515488 -0.000738965 0.996592104
1341846250.946118 0.106507532 -0.018528320 0.022129679 0.081842683 -0.009563509 -0.001297511 0.996598542
1341846250.981803 0.104994245 -0.017130211 0.021655174 0.082816750 -0.009551150 -0.001837792 0.996517301
1341846251.014047 0.102155052 -0.017365098 0.020933596 0.082847208 -0.010471803 -0.003269269 0.996501863
1341846251.046033 0.106506370 -0.020157777 0.021762041 0.083444431 -0.011614120 -0.003651359 0.996438026
1341846251.081959 0.108667783 -0.022342253 0.021524891 0.084844798 -0.011463943 -0.004557090 0.996317804
1341846251.114058 0.108809233 -0.023111219 0.022200782 0.086484589 -0.010802057 -0.004713451 0.996183455
1341846251.149920 0.108814366 -0.020086484 0.019937767 0.088092431 -0.010510538 -0.005294017 0.996042788
1341846251.181983 0.109893441 -0.022164740 0.017730560 0.088610992 -0.009379828 -0.006678404 0.995999753
1341846251.214205 0.103736728 -0.021152020 0.017412104 0.089576736 -0.009251117 -0.007067726 0.995911896
1341846251.249978 0.101069622 -0.021151353 0.018980572 0.089652866 -0.010979351 -0.006388059 0.995892048
1341846251.281923 0.105710417 -0.020596689 0.019235302 0.090627842 -0.012926086 -0.006012897 0.995782793
1341846251.318026 0.099855714 -0.014994590 0.019060077 0.090491585 -0.013375337 -0.006994905 0.995782793
1341846251.350003 0.099396944 -0.017552603 0.019740151 0.088085659 -0.015842287 -0.006363276 0.995966613
1341846251.382003 0.100611530 -0.020682979 0.022058213 0.088244759 -0.018057726 -0.006197206 0.995915830
1341846251.417971 0.100541078 -0.010360904 0.021362033 0.089343108 -0.018718887 -0.007520949 0.995796561
1341846251.449878 0.097040318 -0.012346236 0.023468604 0.085970037 -0.019107664 -0.009053885 0.996073306
1341846251.481872 0.094921947 -0.012052296 0.021042686 0.084010325 -0.020681987 -0.009212036 0.996207595
1341846251.517870 0.096677721 -0.009985114 0.025139211 0.082770608 -0.022539089 -0.008327032 0.996278882
1341846251.549884 0.098902807 -0.010913920 0.025635624 0.080965333 -0.022977117 -0.008519316 0.996415615
1341846251.586071 0.097003222 -0.016286962 0.026333218 0.079773813 -0.022501091 -0.007501104 0.996530771
1341846251.618241 0.095917851 -0.016131662 0.026639326 0.080622844 -0.023090634 -0.005734010 0.996460676
1341846251.649917 0.103983358 -0.015294640 0.023909677 0.081591412 -0.023239991 -0.005808649 0.996377945
1341846251.686034 0.103496432 -0.012444911 0.025563376 0.082432263 -0.020791734 -0.007372704 0.996352494
1341846251.718103 0.097765826 -0.015588934 0.026038714 0.081999712 -0.019109501 -0.008569846 0.996412277
1341846251.749907 0.097949281 -0.015416868 0.025871262 0.082376145 -0.019893259 -0.007403862 0.996375263
