1341846647.802247 0.000000000 0.000000000 0.000000000 0.000000000 0.000000000 0.000000000 1.000000000
1341846647.834093 0.006301614 0.002456996 -0.001743120 0.000989823 -0.000603773 0.001376906 0.999998391
1341846647.866652 0.009368682 0.006752008 -0.004530207 0.002940377 0.001258887 0.002206316 0.999992430
1341846647.901972 0.005259620 0.009691576 -0.005667877 0.003413602 0.004303320 0.002425823 0.999981999
1341846647.934224 0.004660716 0.012735599 -0.004383876 0.002607218 0.004691259 0.002243011 0.999983072
1341846647.970225 0.009029511 0.011774349 -0.005041179 0.002109167 0.002414641 0.003031713 0.999990284
1341846648.002341 0.009501800 0.019315396 -0.006944957 0.002606949 0.001746789 0.002949550 0.999990702
1341846648.034343 0.013646220 0.011077436 -0.007194506 -0.001192765 0.000005240 0.003401775 0.999993503
1341846648.070164 0.010332228 0.007141129 -0.007419921 -0.003034734 -0.002407566 0.003535999 0.999986231
1341846648.102152 0.017798621 0.007428525 -0.007202892 -0.002163779 -0.006873573 0.004745264 0.999962807
1341846648.138185 0.022455627 0.010870621 -0.011482980 -0.002384953 -0.008797358 0.004855320 0.999946654
1341846648.170568 0.029429795 0.008602382 -0.014127047 -0.005630119 -0.011548799 0.005256834 0.999903619
1341846648.202106 0.029944314 0.007483400 -0.011466647 -0.006823913 -0.015931271 0.005164356 0.999836445
1341846648.238157 0.027745891 0.001924441 -0.014035652 -0.007088126 -0.020361045 0.005464200 0.999752641
1341846648.270152 0.029201737 0.013392654 -0.018650148 -0.007535131 -0.025545793 0.002531940 0.999642015
1341846648.302183 0.026803397 0.013182194 -0.023071328 -0.012814187 -0.029912533 -0.002358068 0.999467552
1341846648.338170 0.030377675 0.009931925 -0.022059439 -0.016628109 -0.035329308 -0.006249644 0.999217808
1341846648.370216 0.030201074 -0.004010032 -0.038007297 -0.020514624 -0.042098094 -0.005402242 0.998888254
1341846648.406052 0.051478036 -0.006102173 -0.028365655 -0.022226010 -0.056437142 -0.003473872 0.998152673
1341846648.438342 0.048136909 -0.009557951 -0.026791772 -0.022815213 -0.061156802 -0.001723986 0.997865915
1341846648.470076 0.047898781 0.004533036 -0.028676054 -0.021372117 -0.066113703 -0.001243276 0.997582436
1341846648.506263 0.050760575 0.003741763 -0.025918892 -0.025277711 -0.073023230 -0.000799185 0.997009516
1341846648.538249 0.057899836 0.006834858 -0.023186991 -0.027848851 -0.080529414 -0.001695957 0.996361673
1341846648.570179 0.069351301 0.008363157 -0.022685871 -0.030776015 -0.085353084 -0.003588837 0.995868862
1341846648.606081 0.060626976 0.000910392 -0.026617959 -0.034324445 -0.087918982 -0.005623255 0.995520175
1341846648.638395 0.078975759 -0.008109104 -0.010900120 -0.035946935 -0.101066373 -0.004654145 0.994219184
1341846648.674053 0.092488155 -0.003535831 -0.011138373 -0.033391386 -0.107031323 -0.006165401 0.993675649
1341846648.706058 0.106490016 -0.011386789 -0.018406956 -0.035855196 -0.114765219 -0.003880813 0.992737830
1341846648.738116 0.108154997 -0.007237087 -0.003807954 -0.035254952 -0.125711918 -0.003492634 0.991433978
1341846648.774049 0.119211331 -0.009187039 -0.001231595 -0.032937415 -0.129520804 -0.003741097 0.991022468
1341846648.805941 0.124989979 -0.013488990 -0.006227722 -0.032231867 -0.133556396 -0.001489643 0.990515828
1341846648.838602 0.130416483 -0.007264279 -0.000653333 -0.032296214 -0.142296329 0.001427499 0.989296019
1341846648.874088 0.135186151 0.002423767 -0.001251074 -0.032467779 -0.145733684 -0.000565646 0.988790751
1341846648.906165 0.158561379 -0.012619233 0.000204045 -0.036870368 -0.153785616 0.000563590 0.987415910
1341846648.942154 0.163914621 -0.036793530 0.017867893 -0.042822544 -0.168658599 0.013298951 0.984654069
1341846648.974090 0.170219913 -0.002438174 -0.002312278 -0.038153864 -0.182268366 0.004966088 0.982495725
1341846649.006157 0.164863482 -0.000871555 0.022337381 -0.040637385 -0.186024606 -0.001000092 0.981703877
1341846649.042101 0.173770741 -0.018630641 0.017084749 -0.043580502 -0.194972783 0.003007776 0.979835331
1341846649.074128 0.191450775 -0.002731042 0.002465580 -0.042387191 -0.203621924 -0.003626029 0.978124857
1341846649.106188 0.184353665 0.000947153 0.012898229 -0.044371616 -0.203354895 -0.015595607 0.977974772
1341846649.142042 0.201525867 -0.013828942 0.022694137 -0.049746990 -0.208351657 -0.015161058 0.976670325
1341846649.174442 0.207586884 -0.014566261 0.025850810 -0.052036848 -0.214761198 -0.018966110 0.975094914
1341846649.216152 0.218121871 -0.007359528 0.043167546 -0.051676549 -0.217538297 -0.022903398 0.974413693
1341846649.248048 0.225864515 -0.009445020 0.037555523 -0.054123286 -0.217801005 -0.020214625 0.974281669
1341846649.280075 0.226869136 -0.003139404 0.027911568 -0.057270549 -0.219770148 -0.020980660 0.973643124
1341846649.316071 0.229989156 -0.007886901 0.040213719 -0.062499139 -0.221264571 -0.022055829 0.972959042
1341846649.348041 0.233024165 -0.023741495 0.062960722 -0.067023106 -0.224954531 -0.017877609 0.971896946
1341846649.383973 0.236632064 -0.020786233 0.063659199 -0.065033562 -0.229678199 -0.014458125 0.970983803
1341846649.416053 0.248584464 -0.002644620 0.043009516 -0.062738694 -0.229263201 -0.019256869 0.971149504
1341846649.448084 0.246359661 -0.012552112 0.053155672 -0.069105595 -0.226392403 -0.020126086 0.971373200
1341846649.484154 0.253921598 -0.022766097 0.067905329 -0.073341787 -0.230139941 -0.018163361 0.970219910
1341846649.516198 0.259522736 -0.018583095 0.080180801 -0.071688548 -0.233094558 -0.021077733 0.969578981
1341846649.552101 0.268936813 -0.015135331 0.086863816 -0.069811411 -0.232554197 -0.023604400 0.969787478
1341846649.616167 0.274592549 -0.026678763 0.079489343 -0.071021296 -0.235462561 -0.016935205 0.969137013
1341846649.678101 0.282620877 -0.029744295 0.087515354 -0.070171073 -0.238790244 -0.020549305 0.968314528
1341846649.710937 0.285227180 -0.039149128 0.075267702 -0.069950894 -0.244123816 -0.019714573 0.967016935
1341846649.746112 0.295424074 -0.035883654 0.088293716 -0.067711972 -0.251966238 -0.022693159 0.965097487
1341846649.778019 0.297298312 -0.033169508 0.086666591 -0.065694012 -0.256203979 -0.025250787 0.964057148
1341846649.810257 0.304546803 -0.037799336 0.080119401 -0.065011956 -0.264491439 -0.025248270 0.961862922
1341846649.846059 0.318964094 -0.026325781 0.066053092 -0.065136798 -0.273517728 -0.026244199 0.959299982
1341846649.878137 0.321747929 -0.030136906 0.077549979 -0.070178114 -0.279272258 -0.029035931 0.957203686
1341846649.914184 0.325641692 -0.037010480 0.117118575 -0.071646541 -0.287479550 -0.023713591 0.954808831
1341846649.952612 0.339847714 -0.021994339 0.106543817 -0.067341305 -0.290438563 -0.021182291 0.954286098
1341846650.014156 0.353901803 -0.037058670 0.115309969 -0.069483906 -0.295048684 -0.011591101 0.952881932
1341846650.046184 0.364248872 -0.026681384 0.123390645 -0.067001261 -0.298725933 -0.010970232 0.951920867
1341846650.078250 0.371873677 -0.025881633 0.153296053 -0.065750971 -0.300483197 -0.009849481 0.951467037
1341846650.114215 0.375837892 -0.031561535 0.143832982 -0.065372638 -0.299687594 -0.006493281 0.951772869
1341846650.146137 0.381641895 -0.037588745 0.148726717 -0.063913606 -0.302299798 -0.005152944 0.951053798
1341846650.182236 0.388864905 -0.030970039 0.158357322 -0.058333207 -0.302628040 -0.007580833 0.951291740
1341846650.214164 0.396980137 -0.039846502 0.149957180 -0.058238052 -0.301290542 -0.006321469 0.951731265
1341846650.246084 0.401185513 -0.040650003 0.152893290 -0.059942316 -0.302662283 -0.006860060 0.951186299
1341846650.282167 0.409944415 -0.049679503 0.185070783 -0.057883982 -0.303912252 -0.010498771 0.950882018
1341846650.314158 0.411930948 -0.047123618 0.168327600 -0.054700952 -0.299306929 -0.012738974 0.952502429
1341846650.350453 0.412137538 -0.048935272 0.156174794 -0.056353744 -0.298341215 -0.014426335 0.952684999
1341846650.382075 0.412746847 -0.046208553 0.177827910 -0.057672847 -0.299642533 -0.017278904 0.952150047
1341846650.414224 0.413633078 -0.047414120 0.201354772 -0.055840079 -0.296853393 -0.017836526 0.953122139
1341846650.450353 0.411035657 -0.043159232 0.181729287 -0.053672139 -0.290113509 -0.016274983 0.955347359
1341846650.484849 0.412612796 -0.033810940 0.171404004 -0.053321388 -0.286675334 -0.019967981 0.956334352
1341846650.514091 0.406806856 -0.041132830 0.198500797 -0.055061277 -0.282467186 -0.021200027 0.957460761
1341846650.550746 0.396829426 -0.052062746 0.205895320 -0.051583704 -0.275642455 -0.020164656 0.959663332
1341846650.582069 0.396486282 -0.047114439 0.180343702 -0.046389878 -0.267677665 -0.019828070 0.962186813
1341846650.618092 0.381729275 -0.040648829 0.170240626 -0.045071069 -0.260461360 -0.023594348 0.964143038
1341846650.650422 0.373851746 -0.052357428 0.175336659 -0.045542415 -0.253122687 -0.027166501 0.965979695
1341846650.682114 0.365708411 -0.054900240 0.166226685 -0.044804364 -0.245459706 -0.028351296 0.967955709
1341846650.718110 0.356412977 -0.054664116 0.161977798 -0.043885835 -0.239587307 -0.031443998 0.969372630
1341846650.750112 0.346709788 -0.050199900 0.158462256 -0.042301334 -0.232264727 -0.034126949 0.971132874
1341846650.782116 0.325629622 -0.059687998 0.163783520 -0.042529985 -0.221427724 -0.032909054 0.973692954
1341846650.818115 0.315256804 -0.060825765 0.150341079 -0.039154660 -0.215746567 -0.032161921 0.975133777
1341846650.850139 0.311164379 -0.045619708 0.130074471 -0.035966128 -0.211032033 -0.034098968 0.976221859
1341846650.886238 0.289122134 -0.046653736 0.130792663 -0.037221637 -0.197286084 -0.036681805 0.978952110
1341846650.918288 0.279406160 -0.061769035 0.139776796 -0.039825648 -0.187810048 -0.032311082 0.980865598
1341846650.950233 0.259987891 -0.049923282 0.124508239 -0.037547063 -0.179022804 -0.030828921 0.982644737
1341846650.986247 0.264437556 -0.055948112 0.138863191 -0.039989542 -0.170920819 -0.027541595 0.984087586
1341846651.050482 0.218799785 -0.049369086 0.097954497 -0.036418591 -0.148252591 -0.022547191 0.988021493
1341846651.086169 0.211309105 -0.041369580 0.097448491 -0.039183073 -0.141070083 -0.021295173 0.988994658
1341846651.118423 0.205940366 -0.076057829 0.100854494 -0.044707172 -0.132358253 -0.015112505 0.990077853
1341846651.154189 0.185363814 -0.061747726 0.084563501 -0.037793074 -0.122782715 -0.014121299 0.991613150
1341846651.186391 0.169455573 -0.054562140 0.076794803 -0.038087625 -0.115617707 -0.011216876 0.992499888
1341846651.218036 0.159211472 -0.056818835 0.075898565 -0.040263552 -0.110094778 -0.011796151 0.993035078
1341846651.254031 0.143781096 -0.056867763 0.073243886 -0.040524788 -0.103825629 -0.011770607 0.993699849
1341846651.286406 0.136326522 -0.044324275 0.074481077 -0.040622432 -0.099142134 -0.011685775 0.994175076
1341846651.318309 0.123343125 -0.056219418 0.074941568 -0.044187535 -0.094371535 -0.012497247 0.994477391
1341846651.354135 0.116240054 -0.060964052 0.058071453 -0.043497536 -0.088050291 -0.016728193 0.995025218
1341846651.386180 0.095312454 -0.062283695 0.060398042 -0.042562671 -0.079062894 -0.016774781 0.995819271
1341846651.422237 0.079130679 -0.057586428 0.055414356 -0.042271439 -0.075225517 -0.017370144 0.996118724
1341846651.492135 0.062704057 -0.057981249 0.037761290 -0.045483951 -0.067380063 -0.023119677 0.996421874
1341846651.560316 0.036453273 -0.072148696 0.036437076 -0.043968495 -0.048460357 -0.024251252 0.997562110
1341846651.622176 0.006506698 -0.071093902 0.027913257 -0.035010397 -0.035880569 -0.026276793 0.998396873
1341846651.654223 -0.003904575 -0.073822446 0.022786913 -0.031988405 -0.032017771 -0.024562150 0.998673260
1341846651.690127 -0.013473020 -0.075414568 0.016243046 -0.028120335 -0.029115453 -0.021686304 0.998945057
1341846651.722318 -0.031159207 -0.069053628 0.010517087 -0.023352360 -0.023838837 -0.021437719 0.999213040
1341846651.754212 -0.045128096 -0.064369343 -0.001624092 -0.020825021 -0.019294335 -0.020158401 0.999393642
1341846651.790200 -0.051275987 -0.057098914 -0.019428359 -0.021604214 -0.014316019 -0.020497926 0.999453902
1341846651.822233 -0.067779437 -0.073095210 -0.014690099 -0.023805223 -0.007251085 -0.018617893 0.999516904
1341846651.858213 -0.079355776 -0.081706986 -0.036144257 -0.016052883 -0.002133336 -0.013488542 0.999777853
1341846651.890237 -0.085866608 -0.075780511 -0.041252997 -0.007411055 0.002914182 -0.010394161 0.999914229
1341846651.922186 -0.102550559 -0.062827408 -0.041355405 -0.004265467 0.008919325 -0.010860072 0.999892116
1341846651.958047 -0.111918427 -0.071880229 -0.035374586 -0.003545844 0.011715973 -0.007974882 0.999893248
1341846651.990020 -0.120562695 -0.078874893 -0.046214737 0.001533518 0.017025568 -0.002424387 0.999850929
1341846652.022081 -0.138271526 -0.069510706 -0.056132618 0.008568645 0.023050014 0.001865547 0.999695837
1341846652.058058 -0.166675776 -0.050580930 -0.062607847 0.011924329 0.027291235 0.001408740 0.999555349
1341846652.090106 -0.174835220 -0.050896131 -0.064529963 0.009885687 0.029552771 -0.000033478 0.999514282
1341846652.126257 -0.183136463 -0.048054744 -0.068089195 0.008033991 0.033660602 -0.001065321 0.999400437
1341846652.158232 -0.202289745 -0.050967634 -0.064873002 0.005872940 0.037285324 0.000219665 0.999287307
1341846652.190049 -0.210621417 -0.052136108 -0.066318423 0.005442888 0.039267026 -0.001915809 0.999212086
1341846652.225981 -0.201169342 -0.061688375 -0.070154712 0.004797900 0.044162013 -0.001862580 0.999011159
1341846652.258089 -0.235403493 -0.059567153 -0.067428879 0.007097959 0.054072339 0.001625818 0.998510480
1341846652.290189 -0.257677287 -0.068275660 -0.054267902 0.010001286 0.056340545 0.005177677 0.998348057
1341846652.326148 -0.260730058 -0.071769603 -0.065810353 0.016511910 0.057872586 0.007683370 0.998157799
1341846652.358184 -0.267818719 -0.057486396 -0.058146920 0.021205783 0.061787743 0.008492561 0.997827828
1341846652.394279 -0.290268302 -0.057185005 -0.047974262 0.021935424 0.065567501 0.007552138 0.997578382
1341846652.426287 -0.297772914 -0.059952635 -0.051108509 0.023424378 0.067868114 0.006234026 0.997399807
1341846652.458277 -0.314056158 -0.061641637 -0.047975160 0.025821017 0.072780780 0.006549099 0.996992171
1341846652.494100 -0.325759232 -0.059168067 -0.049415734 0.028718380 0.075877234 0.006542146 0.996682048
1341846652.526469 -0.331160754 -0.053248409 -0.052578248 0.028978545 0.079803109 0.005775440 0.996372581
1341846652.562089 -0.343922317 -0.066091254 -0.083044104 0.027855895 0.087462187 0.002932169 0.995773971
1341846652.594254 -0.351165622 -0.064819381 -0.077865675 0.030293966 0.099239461 0.002951298 0.994597971
1341846652.626356 -0.355238706 -0.073240228 -0.073184498 0.030437563 0.110921621 0.000814221 0.993362606
1341846652.662152 -0.317624360 -0.073243327 -0.105597347 0.031857137 0.123040773 -0.001196326 0.991889417
1341846652.694113 -0.351818085 -0.068446442 -0.076347820 0.029616406 0.156366736 -0.007724463 0.987224698
1341846652.726378 -0.365576774 -0.067942582 -0.041855428 0.032112285 0.187966883 -0.009847917 0.981600881
1341846652.762129 -0.354676634 -0.065376125 -0.080969863 0.032441083 0.209896222 -0.010131365 0.977132797
1341846652.794152 -0.354224116 -0.077189058 -0.096232161 0.028206356 0.239818290 -0.011003531 0.970345557
1341846652.830250 -0.329718411 -0.070016816 -0.056758985 0.029037587 0.267934054 -0.011429545 0.962931752
1341846652.862014 -0.352471381 -0.062987313 -0.053361852 0.028297789 0.287070781 -0.010620054 0.957432389
1341846652.894426 -0.342902422 -0.064546384 -0.053336691 0.027473675 0.303987205 -0.007326087 0.952251673
1341846652.930346 -0.340877593 -0.066938631 -0.035679139 0.028789178 0.323523879 -0.005221941 0.945767522
1341846652.962213 -0.370368302 -0.057394668 -0.033638496 0.028373901 0.341004938 -0.006897821 0.939607918
1341846653.030292 -0.348429084 -0.068313137 -0.009732445 0.022368142 0.370493174 -0.004106502 0.928556740
1341846653.062672 -0.362345368 -0.070059903 0.003256893 0.025290046 0.386024654 -0.000982237 0.922141194
1341846653.099024 -0.359979004 -0.058214907 0.008197878 0.024991661 0.400944442 -0.002606866 0.915757716
1341846653.130475 -0.361577243 -0.065476961 -0.002365773 0.020488296 0.417432308 -0.002767324 0.908472836
1341846653.162620 -0.379140288 -0.067881048 -0.000289370 0.020289443 0.433557719 -0.000463193 0.900897264
1341846653.198437 -0.391052604 -0.071002312 0.009456605 0.020387638 0.446413457 0.001877611 0.894592583
1341846653.230042 -0.378746957 -0.068669789 0.009138943 0.022228485 0.457274526 0.005910178 0.889028072
1341846653.298380 -0.388094276 -0.064889491 0.031592138 0.021921217 0.484375715 0.009281076 0.874536157
1341846653.330162 -0.380481243 -0.066282131 0.051315460 0.021367479 0.496744007 0.011513946 0.867557645
1341846653.366319 -0.386687696 -0.054342981 0.056366496 0.021715039 0.507002950 0.014874566 0.861542284
1341846653.398226 -0.382102519 -0.056804571 0.057993881 0.021435011 0.515676856 0.017986676 0.856326103
1341846653.430060 -0.420693398 -0.069271244 0.086124592 0.022073090 0.528257430 0.019045496 0.848583579
1341846653.466341 -0.419444025 -0.068495192 0.086784154 0.024509016 0.533280194 0.017237384 0.845407784
1341846653.498194 -0.426621675 -0.067780316 0.085289091 0.023447089 0.538005054 0.016244614 0.842458844
1341846653.530205 -0.426676780 -0.067403056 0.079620771 0.023898637 0.539327860 0.014604229 0.841629982
1341846653.566601 -0.432620823 -0.065882511 0.078157835 0.023173707 0.540126741 0.011179132 0.841190279
1341846653.598213 -0.432709217 -0.065984845 0.077910587 0.023349682 0.540758073 0.012191090 0.840765655
1341846653.634793 -0.430666178 -0.066487670 0.078101248 0.022318995 0.539748371 0.012063248 0.841444016
1341846653.666143 -0.430908740 -0.066557080 0.078007154 0.023215484 0.537981033 0.013294384 0.842532337
1341846653.698738 -0.427467197 -0.066892795 0.077716716 0.021754194 0.534312189 0.014152532 0.844888747
1341846653.734313 -0.433925092 -0.065733530 0.077609472 0.019279158 0.529138505 0.014952074 0.848184645
1341846653.766275 -0.449873209 -0.062682316 0.077124082 0.019230835 0.526751935 0.017130340 0.849628806
1341846653.802358 -0.454196185 -0.062191818 0.076571673 0.018201057 0.520529270 0.018515740 0.853448987
1341846653.834226 -0.452501833 -0.062586635 0.076927654 0.017817032 0.511540949 0.020024128 0.858840704
1341846653.866214 -0.456516147 -0.060917791 0.077012971 0.017136196 0.505944610 0.020183887 0.862159491
1341846653.902170 -0.452118874 -0.061333388 0.073332340 0.015382926 0.497368157 0.021458792 0.867137730
1341846653.934160 -0.453605503 -0.059559409 0.075191729 0.013753548 0.489746362 0.021033401 0.871502697
1341846653.966155 -0.452977329 -0.060990032 0.072615959 0.011536071 0.482320994 0.020145874 0.875686884
1341846654.002169 -0.447530061 -0.062209148 0.066752896 0.006940254 0.473376870 0.019375537 0.880619526
1341846654.034140 -0.441789687 -0.061532635 0.069188654 0.003593737 0.464986652 0.019260852 0.885100842
1341846654.070172 -0.436389804 -0.063714728 0.070875727 0.006871438 0.454520673 0.022960505 0.890413702
1341846654.102438 -0.432236940 -0.064241566 0.070295461 0.011311341 0.442315459 0.024124481 0.896463692
1341846654.134349 -0.440963775 -0.059719492 0.065355606 0.015610812 0.433691353 0.024615748 0.900589883
1341846654.170244 -0.446974546 -0.066512987 0.069695130 0.017659895 0.421769649 0.025247553 0.906179368
1341846654.202087 -0.443319887 -0.067211770 0.070067599 0.018280819 0.406498820 0.019386627 0.913262665
1341846654.234434 -0.434410453 -0.065785788 0.081136011 0.019994393 0.398183107 0.015181627 0.916962326
1341846654.270041 -0.450780839 -0.060874615 0.084405482 0.020805478 0.387941569 0.012526555 0.921363950
1341846654.302117 -0.450852633 -0.059939455 0.083803229 0.020619439 0.372333825 0.010467053 0.927810729
1341846654.338026 -0.423266351 -0.062632024 0.062061615 0.018947544 0.360554129 0.010323407 0.932488680
1341846654.369979 -0.435911864 -0.063806683 0.104510427 0.019610683 0.353164703 0.012231552 0.935275674
1341846654.402172 -0.452668518 -0.060522538 0.130754560 0.021488855 0.336897731 0.010140714 0.941241384
1341846654.438133 -0.402202159 -0.048564978 0.040467836 0.021433584 0.312590867 0.012384911 0.949565232
1341846654.470186 -0.398201734 -0.059900276 0.027531171 0.017609991 0.301615775 0.013214161 0.953175306
1341846654.502267 -0.441690534 -0.079583429 0.015238001 0.015721558 0.287657678 0.013180370 0.957513571
1341846654.539064 -0.366200298 -0.061093096 0.008735281 0.018089263 0.261086553 0.013019086 0.965058088
1341846654.570053 -0.348889947 -0.054328106 0.003235501 0.016061515 0.254345655 0.011608899 0.966910303
1341846654.606030 -0.381556392 -0.074476950 0.006449086 0.013088376 0.244740620 0.007424170 0.969471812
1341846654.637980 -0.335474163 -0.075374201 -0.010796027 0.017091818 0.217194259 0.008804013 0.975939035
1341846654.670155 -0.317775071 -0.074349947 -0.005560659 0.019532574 0.209199294 0.008208689 0.977643430
1341846654.706022 -0.320706815 -0.064632341 -0.017525600 0.023542447 0.196507916 0.010099612 0.980167568
1341846654.738497 -0.325692624 -0.077526905 -0.033311490 0.027265377 0.177383080 0.013306459 0.983674109
1341846654.774056 -0.309592396 -0.057901807 -0.023648869 0.030730024 0.169322908 0.014121069 0.984980226
1341846654.806040 -0.295334995 -0.054259576 -0.034210309 0.028927183 0.156637818 0.014376888 0.987127721
1341846654.838060 -0.289719760 -0.058448747 -0.036677595 0.028924134 0.139770254 0.015871711 0.989634097
1341846654.874136 -0.283538938 -0.054103017 -0.061714295 0.027699193 0.127363056 0.014450901 0.991364002
1341846654.906209 -0.275621593 -0.058916315 -0.047587842 0.023064632 0.117316671 0.013727222 0.992731810
1341846654.938214 -0.259560734 -0.071668200 -0.052539829 0.024312159 0.097408265 0.016337695 0.994813383
1341846654.974334 -0.259242535 -0.063712470 -0.058425520 0.030136667 0.080209352 0.018909093 0.996142924
1341846655.006124 -0.255626887 -0.048701376 -0.058988456 0.030612869 0.068795666 0.019292142 0.996974349
1341846655.042239 -0.232885152 -0.061677258 -0.080124825 0.027630761 0.048822906 0.018865192 0.998246968
1341846655.074179 -0.231240943 -0.062205240 -0.082205757 0.030689165 0.026029840 0.022112157 0.998945296
1341846655.106132 -0.225571379 -0.059684891 -0.076544203 0.030917134 0.012738350 0.019771341 0.999245167
1341846655.142070 -0.249584287 -0.055055834 -0.096145160 0.031073760 -0.003121553 0.017897503 0.999351978
1341846655.174000 -0.233506501 -0.058702175 -0.088126361 0.027849408 -0.027425310 0.012463016 0.999158084
1341846655.206124 -0.199917451 -0.045405809 -0.080454983 0.027887797 -0.041868374 0.012958160 0.998649776
1341846655.242079 -0.203982309 -0.053238455 -0.073461927 0.028539544 -0.053773083 0.014249062 0.998043537
1341846655.274211 -0.165172637 -0.059203487 -0.081215970 0.031349141 -0.064749226 0.018599184 0.997235596
1341846655.310175 -0.153582484 -0.065629035 -0.081293911 0.035930410 -0.066876478 0.022224193 0.996866405
1341846655.342236 -0.155664161 -0.061677750 -0.076569356 0.043849222 -0.071831569 0.026270991 0.996106029
1341846655.374134 -0.154256091 -0.056997072 -0.092105545 0.046423130 -0.073397778 0.025220556 0.995902359
1341846655.410207 -0.143271118 -0.055445917 -0.088873953 0.048930161 -0.075754993 0.028415758 0.995519757
1341846655.442262 -0.146977901 -0.057942651 -0.087270930 0.053643007 -0.084583484 0.029768214 0.994525969
1341846655.474205 -0.142235875 -0.045227006 -0.088312879 0.055812981 -0.094773613 0.028503688 0.993524194
1341846655.510277 -0.125076056 -0.036127884 -0.103445724 0.053076565 -0.108450927 0.029472532 0.992246270
1341846655.542135 -0.119896151 -0.045230065 -0.103843994 0.047500081 -0.115937233 0.030465232 0.991652250
1341846655.578132 -0.119469695 -0.049746551 -0.109373584 0.044695921 -0.123245873 0.030383185 0.990903378
1341846655.642348 -0.109249011 -0.049718522 -0.119180858 0.038513746 -0.143689781 0.028840946 0.988452375
1341846655.678110 -0.110534884 -0.047939058 -0.100398436 0.038970839 -0.153998628 0.029650576 0.986856878
1341846655.710074 -0.106370263 -0.041344024 -0.108488649 0.041035384 -0.164890409 0.031072944 0.984967887
1341846655.748050 -0.083537228 -0.037118185 -0.098325551 0.037900455 -0.178613335 0.031757291 0.982676089
1341846655.810222 -0.075705692 -0.043828931 -0.098581009 0.034216668 -0.197856516 0.033678956 0.979054511
1341846655.846257 -0.074496344 -0.035458192 -0.112968832 0.033102423 -0.207226798 0.033770241 0.977149367
1341846655.910355 -0.068791367 -0.043384209 -0.119986840 0.025960689 -0.226192310 0.032241773 0.973202705
1341846655.946240 -0.063393466 -0.036169097 -0.119795039 0.025542010 -0.236912191 0.030270366 0.970723391
1341846655.978412 -0.053755652 -0.025206147 -0.098261654 0.023713849 -0.244700685 0.029616788 0.968856037
1341846656.014188 -0.049515054 -0.025389023 -0.096636847 0.020929091 -0.247310773 0.031400353 0.968201101
1341846656.046211 -0.046691064 -0.031503879 -0.098774821 0.018387131 -0.250543982 0.032853756 0.967372894
1341846656.078165 -0.043985013 -0.029759156 -0.106402420 0.018335329 -0.254845709 0.034761377 0.966182768
1341846656.114220 -0.046974793 -0.024889050 -0.113783553 0.017003927 -0.258416682 0.033440851 0.965304792
1341846656.146158 -0.042860653 -0.031747784 -0.124572523 0.013780625 -0.264294982 0.034379993 0.963730395
1341846656.178154 -0.037968889 -0.028097607 -0.122193947 0.014616083 -0.270964831 0.034431115 0.961862266
1341846656.214132 -0.033760626 -0.026723590 -0.122051127 0.014387189 -0.276488692 0.033339329 0.960330963
1341846656.246093 -0.027739827 -0.025682241 -0.105609484 0.014955478 -0.281164974 0.034515131 0.958921969
1341846656.282181 -0.025058681 -0.023136262 -0.118981324 0.014803084 -0.283014357 0.033938617 0.958400667
1341846656.314258 -0.023926795 -0.025049031 -0.121948443 0.013167560 -0.287455767 0.032560706 0.957149684
1341846656.346094 -0.016854398 -0.015308480 -0.120176226 0.012400904 -0.292228103 0.030483378 0.955782294
1341846656.382222 -0.021833114 -0.026101887 -0.116657585 0.008009755 -0.295876920 0.030899003 0.954692602
1341846656.414253 -0.030925812 -0.028541332 -0.113295399 0.009544887 -0.304851890 0.031549942 0.951829195
1341846656.446177 -0.017739782 -0.014949438 -0.145567685 0.008454023 -0.312332183 0.029681997 0.949471474
1341846656.482260 -0.018357638 -0.027359206 -0.138878211 0.002112109 -0.318490893 0.029665148 0.947459280
1341846656.519461 -0.015594532 -0.027455362 -0.128470659 0.002405645 -0.326297641 0.031225590 0.944748163
1341846656.582247 -0.001221054 -0.018727094 -0.139947385 -0.001744518 -0.332339853 0.029552229 0.942695022
1341846656.614195 -0.004252546 -0.024531672 -0.143837348 -0.003727010 -0.334124714 0.029748496 0.942051888
1341846656.649995 0.002159286 -0.022818668 -0.141336456 -0.003208340 -0.336173445 0.028467376 0.941364288
1341846656.682076 -0.005193127 -0.023197478 -0.149101675 -0.003832072 -0.339287519 0.028772259 0.940234780
1341846656.714216 -0.001199960 -0.019834297 -0.148100436 -0.005357448 -0.343690336 0.030488040 0.938572705
1341846656.749974 0.006407327 -0.017476317 -0.132693321 -0.007569539 -0.346872866 0.029678533 0.937411964
1341846656.782653 0.006572539 -0.024909344 -0.131549194 -0.008660258 -0.348856390 0.030721327 0.936632454
1341846656.824388 0.007074432 -0.014483614 -0.142085344 -0.007430520 -0.351095021 0.030333538 0.935818851
1341846656.856226 0.011396082 -0.009496976 -0.127136722 -0.010105038 -0.353286773 0.029491004 0.934995532
1341846656.892050 0.006951277 -0.017423138 -0.112908587 -0.013030166 -0.351239920 0.030238742 0.935706317
1341846656.924099 0.009163964 -0.013048484 -0.108168073 -0.012522441 -0.350729704 0.029606909 0.935924828
1341846656.956112 0.013644878 -0.002208104 -0.103588641 -0.012749296 -0.346132845 0.028284486 0.937672377
1341846656.992122 0.013142928 -0.009761400 -0.098944411 -0.015234684 -0.339465141 0.030607026 0.939997077
1341846657.024108 0.011688286 -0.011837093 -0.108195879 -0.015359855 -0.335768610 0.030032801 0.941340268
1341846657.056121 0.029813970 -0.011070559 -0.092862435 -0.016488826 -0.333157182 0.032333810 0.942172468
1341846657.092006 0.006662776 -0.013824020 -0.064158946 -0.013115634 -0.320659041 0.035658937 0.946432352
1341846657.124027 0.009985207 -0.015075815 -0.071153775 -0.006668777 -0.310316503 0.039088033 0.949805915
1341846657.155973 0.027105119 -0.021246893 -0.074173868 -0.003620018 -0.301075578 0.040951949 0.952713668
1341846657.192094 0.004010162 -0.008971096 -0.084380209 -0.000105691 -0.281956226 0.038823165 0.958641469
1341846657.224195 0.020455789 -0.010341384 -0.076486744 0.002676323 -0.273544550 0.035918731 0.961184740
1341846657.292164 0.023540994 -0.017781461 -0.079687402 0.002987516 -0.253486723 0.031435862 0.966823339
1341846657.354367 0.031758856 -0.016960574 -0.083614029 0.002916883 -0.236848339 0.027696574 0.971147418
1341846657.386193 0.034601185 -0.018070800 -0.080375515 0.002720035 -0.226462424 0.026258131 0.973662078
1341846657.418105 0.036393207 -0.020627487 -0.073692836 0.005132037 -0.215423673 0.027241794 0.976127148
1341846657.454277 0.044739686 -0.014074098 -0.076084152 0.007348329 -0.206241444 0.025654132 0.978137195
1341846657.486117 0.041735776 -0.018385010 -0.074087568 0.007671379 -0.192599341 0.025888069 0.980905950
1341846657.522092 0.040768445 -0.023212267 -0.067067102 0.010218772 -0.178986251 0.024038414 0.983504772
1341846657.554062 0.040254124 -0.023692848 -0.068395630 0.012436079 -0.171561271 0.023127992 0.984823406
1341846657.586078 0.045051325 -0.015307968 -0.078209028 0.013249414 -0.158235237 0.018875737 0.987132072
1341846657.622205 0.036245212 -0.019231804 -0.066630825 0.013014069 -0.144400865 0.016670620 0.989293218
1341846657.654161 0.033269498 -0.020565553 -0.063423656 0.014440871 -0.137290597 0.016620070 0.990286112
1341846657.686517 0.052085061 -0.018496552 -0.066694155 0.014724657 -0.129120648 0.013476818 0.991428018
1341846657.722061 0.034482162 -0.023643006 -0.055588689 0.016072411 -0.110617958 0.012214021 0.993658006
1341846657.754104 0.036781881 -0.018675664 -0.059084043 0.017019246 -0.103752315 0.011162476 0.994394898
1341846657.790066 0.059309691 -0.014095937 -0.041225340 0.013279330 -0.095705561 0.008953152 0.995280862
1341846657.822089 0.032113459 -0.031879868 -0.045188196 0.011256146 -0.071107216 0.003628515 0.997398555
1341846657.853972 0.035092473 -0.026380388 -0.048915263 0.016382974 -0.062072646 0.007448248 0.997909367
1341846657.889993 0.089964889 -0.029495196 -0.059355184 0.013691129 -0.059993774 0.008295257 0.998070359
1341846657.922046 0.081350707 -0.036862824 -0.031335868 0.013756487 -0.043517325 0.008639910 0.998920560
1341846657.954192 0.051220626 -0.028424675 -0.041813113 0.015469300 -0.030363156 0.010710986 0.999361813
1341846657.990141 0.070729375 -0.026041018 -0.034811482 0.012235815 -0.022580709 0.010856209 0.999611139
1341846658.022419 0.045161054 -0.040721957 -0.014074729 0.012544447 -0.010291079 0.011563923 0.999801457
1341846658.090215 0.060636446 -0.033099663 -0.019107541 0.014178807 0.002255071 0.011659887 0.999828935
1341846658.122355 0.040052228 -0.034080397 -0.010102500 0.012846223 0.012011531 0.011316382 0.999781311
1341846658.158136 0.038854878 -0.030774433 -0.002259541 0.011679890 0.015648374 0.010861445 0.999750316
1341846658.190098 0.041825544 -0.028794643 0.004233077 0.009698992 0.022307461 0.009926003 0.999654830
1341846658.226027 0.026348650 -0.046781350 0.004592487 0.008793257 0.029011272 0.008009772 0.999508321
1341846658.258133 0.021380650 -0.032321353 0.016528776 0.012448178 0.032922406 0.008092366 0.999347627
1341846658.290020 0.019827489 -0.031072274 0.021551624 0.011557958 0.037514422 0.003802500 0.999221981
1341846658.326239 0.010299459 -0.045609832 0.006199916 0.009709354 0.041216910 0.000638618 0.999102831
1341846658.358248 0.008832430 -0.022703726 0.001479889 0.009663983 0.040835835 -0.003161855 0.999114096
1341846658.390215 0.016135320 -0.034784600 0.001523326 0.002373531 0.039354615 -0.007489928 0.999194384
1341846658.426300 0.016153367 -0.042372674 0.008890647 -0.000207527 0.042904679 -0.008359526 0.999044180
1341846658.458168 -0.004030678 -0.046395343 0.007230343 0.001285914 0.043190487 -0.006898987 0.999042213
1341846658.494176 -0.001361951 -0.026227105 -0.001392306 0.000423028 0.037731968 -0.003806954 0.999280572
1341846658.526214 0.007561559 -0.024784444 0.000998535 -0.009850734 0.035181351 -0.003270660 0.999327004
1341846658.558129 -0.010290176 -0.028762197 -0.009505013 -0.020389369 0.034428950 -0.002586829 0.999195814
1341846658.594206 -0.013304099 -0.029769529 -0.005621901 -0.043540217 0.030320410 -0.004995627 0.998578966
1341846658.626105 -0.020980801 -0.026680984 -0.006342256 -0.060866982 0.026222544 -0.008026395 0.997769117
1341846658.658181 -0.013824441 -0.031899478 0.007450645 -0.066846326 0.021327922 -0.005230101 0.997521579
1341846658.694141 -0.035758607 0.011961012 -0.014275320 -0.068368308 0.024443069 -0.008086051 0.997327924
1341846658.726153 -0.062320739 -0.010139315 -0.007489560 -0.088877000 0.025967864 -0.005314804 0.995689869
1341846658.762100 -0.033102825 -0.034920279 0.002285921 -0.095917851 0.013821989 -0.004401396 0.995283544
1341846658.794185 0.002533332 -0.032612219 0.002432092 -0.099851988 0.007646796 0.002043763 0.994970798
1341846658.826155 -0.014068231 -0.007170669 -0.016797407 -0.106272481 0.012817810 -0.000858576 0.994254053
1341846658.862197 -0.026824292 -0.038158689 0.012243380 -0.117822766 0.011772016 0.000237791 0.992964864
1341846658.894170 0.015088233 -0.025787840 0.001531762 -0.117759891 0.005612765 0.003185134 0.993021131
1341846658.962404 -0.037247110 -0.037475839 0.006819474 -0.135671660 0.020152442 0.003879328 0.990541279
1341846658.994217 -0.019813580 -0.038463328 0.017961364 -0.137058496 0.014375713 0.005466596 0.990443587
1341846659.030070 -0.008722146 -0.055435196 0.011339411 -0.138548538 0.014233308 0.004677911 0.990242302
1341846659.062007 -0.026155265 -0.051383268 0.013681342 -0.133201465 0.016494898 0.003858639 0.990944207
1341846659.094100 -0.026361827 -0.041715499 0.009004529 -0.129669711 0.015324071 0.003767920 0.991431653
1341846659.130368 -0.016439632 -0.050112020 0.003787111 -0.132911280 0.016659347 0.001745415 0.990986347
1341846659.162537 -0.028524835 -0.069856845 0.007698711 -0.133786663 0.019933386 0.002025259 0.990807593
1341846659.198696 -0.016886191 -0.041853994 0.007068737 -0.125542313 0.015993020 0.001752036 0.991957784
1341846659.231286 -0.002385923 -0.036481056 -0.004093110 -0.125801712 0.018106891 0.001211335 0.991889417
1341846659.263549 -0.026914706 -0.046456534 0.006341070 -0.127889961 0.023995576 0.003144344 0.991493046
1341846659.298797 -0.014940712 -0.037822001 0.005151721 -0.126508281 0.020191595 0.004312162 0.991750658
1341846659.331074 -0.020186469 -0.044689529 0.001484313 -0.129209757 0.023011448 0.004416843 0.991340399
1341846659.362420 -0.004414733 -0.065105043 0.007864255 -0.133018941 0.022651667 0.004594078 0.990843952
1341846659.398303 -0.011424812 -0.059152588 0.008794557 -0.129684389 0.022971913 0.007621265 0.991259873
1341846659.430262 -0.002558074 -0.059937291 0.005056989 -0.129745767 0.020963328 0.007552456 0.991296887
1341846659.466583 0.000469161 -0.064443536 0.008265248 -0.131506220 0.023360841 0.006184338 0.991020739
1341846659.498531 -0.020255931 -0.056639634 0.011066032 -0.128165409 0.026556686 0.008070087 0.991364360
1341846659.530267 -0.010345050 -0.050216317 0.005521000 -0.124866173 0.023340631 0.007512223 0.991870582
1341846659.566571 0.006673586 -0.050703596 -0.004893123 -0.124315977 0.023495957 0.007544709 0.991935730
1341846659.598122 -0.011544876 -0.062863812 0.004820217 -0.125244200 0.028563490 0.008198075 0.991680801
1341846659.630209 -0.012260277 -0.059435524 0.005771427 -0.121675283 0.025648220 0.009571782 0.992192388
1341846659.666409 -0.010793267 -0.043287028 -0.001350117 -0.118804030 0.025392663 0.006709070 0.992570281
1341846659.698237 -0.023921983 -0.061816264 0.002651789 -0.123225324 0.028497346 0.006325959 0.991949320
1341846659.734169 -0.031586200 -0.053630821 -0.003832919 -0.120673940 0.023771666 0.005554323 0.992391944
1341846659.766421 -0.016634673 -0.056522205 0.001333257 -0.121437944 0.018569423 0.003008875 0.992420733
1341846659.798087 -0.015432402 -0.059693534 0.003143379 -0.121756457 0.018912882 0.002537162 0.992376566
1341846659.834075 -0.030552164 -0.063292347 -0.000915813 -0.120697454 0.018157218 0.002355342 0.992520452
1341846659.866481 -0.020893298 -0.052663978 0.000102663 -0.118320368 0.012336099 0.002585858 0.992895484
1341846659.898128 -0.025297975 -0.060117602 -0.001303104 -0.119351231 0.011901543 0.003019855 0.992776155
1341846659.934286 -0.025057130 -0.060186163 -0.000711531 -0.116204597 0.009833387 0.004389532 0.993166924
1341846659.966354 -0.026003568 -0.054695688 0.000449357 -0.112970240 0.005673985 0.004733675 0.993570864
1341846660.002267 -0.023794176 -0.050604928 -0.003524749 -0.111406252 0.003932894 0.002437364 0.993764162
1341846660.034581 -0.035760101 -0.055260357 -0.003918194 -0.110185936 0.005485587 0.001495092 0.993894756
1341846660.066206 -0.034150910 -0.069329999 -0.004956312 -0.108654670 -0.000196251 0.001844314 0.994077802
1341846660.102245 -0.019146629 -0.060826022 -0.000430814 -0.103399418 -0.005404821 0.000249206 0.994625211
1341846660.140244 -0.021085002 -0.057445806 -0.005864832 -0.102023572 -0.004152924 -0.001202791 0.994772613
1341846660.202316 -0.026983744 -0.059967861 -0.004173216 -0.097970799 -0.010579910 -0.001694009 0.995131612
1341846660.234105 -0.018970560 -0.064960882 -0.011503710 -0.095820256 -0.010720408 -0.001995659 0.995338917
1341846660.270168 -0.038319167 -0.084176853 -0.016620142 -0.092133529 -0.008072457 -0.002944930 0.995709598
1341846660.302258 -0.046631001 -0.093991861 -0.011934354 -0.080525286 -0.011395738 -0.002987556 0.996682942
1341846660.334349 -0.033376791 -0.075202405 -0.014699901 -0.065013230 -0.014445614 -0.005212302 0.997766197
1341846660.370214 -0.040342338 -0.066386037 -0.014072757 -0.059597615 -0.012389112 -0.006753921 0.998122752
1341846660.401986 -0.046820790 -0.059510447 -0.017060984 -0.058400273 -0.014036444 -0.008339889 0.998159707
1341846660.438062 -0.040374611 -0.072102115 -0.016429726 -0.059950318 -0.015864441 -0.009122106 0.998033583
1341846660.470191 -0.039311484 -0.069967672 -0.010877149 -0.056838959 -0.016016336 -0.008942199 0.998214841
1341846660.502233 -0.047589839 -0.066049606 -0.016804416 -0.053964231 -0.017181763 -0.007982064 0.998363137
1341846660.537985 -0.035756424 -0.060136523 -0.019633124 -0.053131502 -0.018976843 -0.007499318 0.998378992
1341846660.570279 -0.037742179 -0.068438411 -0.019030260 -0.053370260 -0.017183704 -0.005604065 0.998411179
1341846660.602130 -0.042124044 -0.074801624 -0.022209918 -0.050178234 -0.019250890 -0.001426090 0.998553693
1341846660.638256 -0.031282004 -0.059679538 -0.026722379 -0.047037870 -0.022616697 -0.000975384 0.998636544
1341846660.670338 -0.022423364 -0.065439083 -0.021942327 -0.048717052 -0.020171124 -0.001559486 0.998607695
1341846660.706457 -0.033019036 -0.083451129 -0.023133993 -0.046439722 -0.017563047 0.002906285 0.998762488
1341846660.738241 -0.030289080 -0.072633512 -0.023863483 -0.038602024 -0.019668043 0.004984854 0.999048650
1341846660.770121 -0.015437548 -0.073936105 -0.028723199 -0.036689255 -0.017679086 0.005249881 0.999156535
1341846660.806117 -0.020984912 -0.086297125 -0.025443057 -0.033981789 -0.012366316 0.005837165 0.999328911
1341846660.838338 -0.025659379 -0.094033085 -0.029285798 -0.025973968 -0.012044910 0.008535473 0.999553621
1341846660.870203 -0.020903001 -0.081290960 -0.035033725 -0.016002880 -0.011659907 0.006975597 0.999779642
1341846660.906366 -0.015099432 -0.086963691 -0.034062572 -0.011834401 -0.006497837 0.006913588 0.999884963
1341846660.938063 -0.029554315 -0.098624520 -0.029988676 -0.003451552 -0.003573123 0.010334065 0.999934256
1341846660.974147 -0.017292764 -0.092070937 -0.039684735 0.009501106 -0.005702304 0.010429018 0.999884248
1341846661.006234 -0.016687116 -0.080098748 -0.032494623 0.014527712 -0.001827366 0.009023152 0.999852061
1341846661.038225 -0.025247365 -0.094429418 -0.032061204 0.015377187 0.000030595 0.010575167 0.999825835
1341846661.074059 -0.027317334 -0.089951932 -0.034410574 0.029338863 -0.002475453 0.010934255 0.999506652
1341846661.106184 -0.015863745 -0.084417596 -0.030549651 0.036899228 -0.001899154 0.010595466 0.999261022
1341846661.138209 -0.022469543 -0.075792350 -0.032817904 0.035917312 -0.000170593 0.010115526 0.999303579
1341846661.174244 -0.016709080 -0.089898363 -0.028231950 0.035101708 -0.000686914 0.009112375 0.999341965
1341846661.206205 -0.018274175 -0.087057777 -0.030594798 0.039124232 0.000156633 0.010103066 0.999183238
1341846661.242184 -0.021852093 -0.076993592 -0.031906743 0.041496236 0.000852633 0.010138037 0.999086857
1341846661.274177 -0.020688388 -0.073832460 -0.035341371 0.040120419 0.001598592 0.009400837 0.999149382
1341846661.308814 -0.022184743 -0.078998409 -0.030262716 0.037965823 0.001176500 0.009322510 0.999234855
1341846661.342489 -0.020560594 -0.074250489 -0.029496931 0.038201205 0.000091733 0.008323175 0.999235392
1341846661.374640 -0.016739149 -0.082002960 -0.031875700 0.035898000 -0.000011626 0.008472594 0.999319553
1341846661.410178 -0.020119594 -0.093927838 -0.032497600 0.038704954 -0.001767842 0.009815914 0.999200881
1341846661.442211 -0.014433006 -0.080378853 -0.035292119 0.043855719 -0.004010614 0.009955021 0.998980224
1341846661.474354 -0.017831804 -0.076914325 -0.036284965 0.043089669 -0.001985629 0.008920766 0.999029398
1341846661.510169 -0.025652561 -0.072531760 -0.040983457 0.041739289 -0.003221883 0.008290599 0.999088943
1341846661.542767 -0.013159430 -0.067449205 -0.043866053 0.036684155 -0.005782600 0.005619148 0.999294400
1341846661.574217 -0.028979918 -0.084943242 -0.034575056 0.032590151 -0.002458867 0.004176680 0.999457061
1341846661.610041 -0.032557257 -0.083449930 -0.031779144 0.035970300 -0.005453242 0.005017159 0.999325395
1341846661.642253 -0.024632083 -0.073964283 -0.040389817 0.035836197 -0.006964393 0.004563360 0.999322951
1341846661.678078 -0.030316245 -0.082465634 -0.033394102 0.033464942 -0.006090351 0.005679855 0.999405205
1341846661.710142 -0.027226206 -0.097459354 -0.034530677 0.035527069 -0.008925286 0.006921366 0.999304891
1341846661.742341 -0.022731939 -0.107301682 -0.029703366 0.042928472 -0.010632540 0.006493921 0.999000490
1341846661.778063 -0.019365961 -0.093300603 -0.035181571 0.054376680 -0.010612150 0.004820342 0.998452485
1341846661.810103 -0.023030581 -0.095190167 -0.023552639 0.061064944 -0.009312448 0.003857029 0.998082876
1341846661.842216 -0.017211886 -0.094985485 -0.032702170 0.068933487 -0.011046083 0.002839392 0.997556090
1341846661.878157 -0.020346869 -0.089302890 -0.030831940 0.073192090 -0.008823536 0.000183471 0.997278810
1341846661.910222 -0.024153765 -0.089764662 -0.028114924 0.074536569 -0.005856388 -0.001458394 0.997200012
1341846661.946090 -0.029777663 -0.096566744 -0.030824486 0.076919451 -0.005196608 -0.001826720 0.997022092
1341846662.010311 -0.026679847 -0.104512006 -0.031075204 0.091471739 -0.004756292 -0.002473419 0.995793223
1341846662.046195 -0.026324103 -0.107383594 -0.032653730 0.099810325 -0.006993853 -0.002470238 0.994978845
1341846662.078099 -0.025460493 -0.105600119 -0.033321805 0.105560787 -0.007494592 -0.004206237 0.994375706
1341846662.110672 -0.024073532 -0.112065084 -0.030917324 0.111498930 -0.005376696 -0.005118685 0.993736804
1341846662.146166 -0.035806324 -0.107072569 -0.038451415 0.120298214 -0.005841814 -0.003591692 0.992714107
1341846662.178168 -0.030926174 -0.109366588 -0.040674273 0.127308026 -0.006429807 -0.001933438 0.991840541
1341846662.214136 -0.053278532 -0.112020217 -0.059451543 0.138792381 -0.002485059 -0.001129673 0.990317762
1341846662.246167 -0.041467827 -0.104111031 -0.044008438 0.150108904 -0.005367513 0.002628198 0.988651395
1341846662.278007 -0.035768185 -0.100761414 -0.052043620 0.154916629 -0.005242909 0.001049762 0.987913072
1341846662.314144 -0.033929974 -0.102801584 -0.040971611 0.160615668 -0.002855558 0.000323201 0.987012804
1341846662.346164 -0.037272699 -0.105179511 -0.039660219 0.164634317 -0.004459070 0.001564767 0.986343324
1341846662.378069 -0.034115668 -0.104801171 -0.040386133 0.171124592 -0.004359145 0.001470645 0.985238671
1341846662.414229 -0.032480735 -0.104496136 -0.037130080 0.177958623 -0.002886913 0.002784683 0.984029830
1341846662.446102 -0.032465342 -0.105572686 -0.035409771 0.184238583 -0.004501995 0.004078194 0.982862771
1341846662.482229 -0.034537587 -0.100904509 -0.036535781 0.192975596 -0.004976726 0.003747088 0.981183767
1341846662.514117 -0.033698265 -0.102941796 -0.038268104 0.201605365 -0.003909713 0.005646457 0.979442775
1341846662.546261 -0.032590911 -0.105149537 -0.038465086 0.209139466 -0.004225139 0.006971773 0.977851868
1341846662.582101 -0.033816297 -0.093846835 -0.031742044 0.212829039 -0.003036556 0.005437925 0.977069557
1341846662.620264 -0.033538226 -0.097216971 -0.028582750 0.215983838 -0.001656740 0.007275433 0.976368427
1341846662.682024 -0.033794437 -0.096767999 -0.029167324 0.224181786 -0.002822283 0.006578143 0.974521041
1341846662.714075 -0.033935856 -0.092158012 -0.036296513 0.226153910 -0.001546932 0.006952962 0.974065542
1341846662.750127 -0.033765431 -0.097415492 -0.026064668 0.230588675 -0.003224705 0.009392777 0.973000646
1341846662.782002 -0.031895597 -0.089365125 -0.043312680 0.233306348 -0.003390487 0.007939700 0.972364962
1341846662.814097 -0.036447134 -0.094733946 -0.054431356 0.229828894 -0.003434180 0.006491901 0.973203361
1341846662.850193 -0.036223590 -0.108988702 -0.025505668 0.230458453 -0.004808632 0.008404452 0.973033965
1341846662.882162 -0.037479103 -0.101657994 -0.038666878 0.232885465 -0.004894168 0.007772418 0.972460806
1341846662.918191 -0.037442099 -0.098410003 -0.043909557 0.232060626 -0.006181678 0.007432684 0.972653270
1341846662.956034 -0.038955033 -0.104515329 -0.031453550 0.232127249 -0.006248826 0.006982811 0.972640276
1341846663.018208 -0.037428092 -0.100955516 -0.040801562 0.236962065 -0.009799778 0.008254994 0.971434355
1341846663.049994 -0.036779832 -0.097415671 -0.045338318 0.236562788 -0.010118981 0.006488178 0.971541822
1341846663.118078 -0.037503961 -0.104112871 -0.031729721 0.238407344 -0.009646087 0.004725018 0.971105814
1341846663.150227 -0.035248801 -0.102961786 -0.036445573 0.239576936 -0.009155611 0.003479735 0.970827997
1341846663.186300 -0.035717562 -0.097783938 -0.046194598 0.239244938 -0.008425353 0.002551035 0.970919371
1341846663.218442 -0.036201004 -0.096032180 -0.051966671 0.234995157 -0.008280220 0.001109974 0.971960664
1341846663.250380 -0.035047721 -0.096916087 -0.052304909 0.229000196 -0.008068234 0.000747168 0.973392665
1341846663.286056 -0.034324139 -0.091674976 -0.063451737 0.224421769 -0.007581164 0.000101270 0.974462628
1341846663.318060 -0.033695687 -0.094786339 -0.075590722 0.215054661 -0.009025054 0.002739944 0.976556420
1341846663.350114 -0.028106976 -0.093275599 -0.071852036 0.203946829 -0.010349472 0.002508091 0.978924036
1341846663.385985 -0.032302499 -0.103051439 -0.061906379 0.194745243 -0.010701617 0.003970586 0.980787396
1341846663.418056 -0.039981052 -0.094439864 -0.059988517 0.190792471 -0.012593626 0.004408541 0.981539667
1341846663.454044 -0.035476107 -0.096012823 -0.052037176 0.182751060 -0.013717861 0.003505254 0.983057261
1341846663.486091 -0.036638942 -0.089169249 -0.049924955 0.176463559 -0.014539593 0.004554685 0.984189212
1341846663.518394 -0.036514476 -0.081129089 -0.038089413 0.168861330 -0.016495014 0.007521765 0.985473096
1341846663.554251 -0.033974428 -0.080356888 -0.034704398 0.162928060 -0.016695892 0.007606115 0.986467361
1341846663.586143 -0.038393032 -0.073855586 -0.042788066 0.155346751 -0.016719773 0.006735310 0.987695515
1341846663.622145 -0.037837554 -0.081118517 -0.032223821 0.147503510 -0.018666930 0.007805766 0.988854527
1341846663.654099 -0.036729112 -0.081809752 -0.035330847 0.141569138 -0.019531064 0.007292026 0.989708781
1341846663.686099 -0.033680525 -0.065484278 -0.039846521 0.132470340 -0.019881038 0.008810747 0.990948379
1341846663.722109 -0.032757200 -0.075289547 -0.040039994 0.124077380 -0.020376073 0.007584237 0.992034316
1341846663.755694 -0.027906632 -0.076526225 -0.039724845 0.119306229 -0.019439301 0.007546645 0.992638528
1341846663.786304 -0.025261534 -0.037156463 -0.038334414 0.111585811 -0.018122086 0.009627120 0.993542910
1341846663.822090 -0.034173943 -0.046800159 -0.034728501 0.090911783 -0.016660726 0.006028223 0.995701313
1341846663.854115 -0.029381275 -0.065147758 -0.037162893 0.082109168 -0.016729645 0.005041303 0.996470153
1341846663.890140 -0.027819090 -0.027479056 -0.037114635 0.077817857 -0.015002797 0.004200607 0.996845841
1341846663.921987 -0.039112654 -0.020182887 -0.036149539 0.057466529 -0.011858422 0.002311555 0.998274326
1341846663.954282 -0.031464927 -0.030273410 -0.027036758 0.041080356 -0.012112179 0.000372572 0.999082386
1341846663.990370 -0.025419194 -0.030575288 -0.030513264 0.032597035 -0.010309944 0.000777934 0.999415100
1341846664.022124 -0.038004663 -0.022326941 -0.028278166 0.018933605 -0.006169567 -0.000239689 0.999801695
1341846664.054171 -0.032705434 -0.034815446 -0.031238114 0.002387289 -0.005817130 -0.002450994 0.999977231
1341846664.090250 -0.036323391 -0.032037146 -0.028235991 -0.008171135 -0.003522522 -0.004793587 0.999948919
1341846664.122237 -0.041533180 -0.035858683 -0.025629383 -0.013904561 -0.002475924 -0.004841540 0.999888539
1341846664.158241 -0.039435092 -0.049302716 -0.044948403 -0.019971712 -0.003583859 -0.004148818 0.999785483
1341846664.190141 -0.029196618 -0.021393990 -0.030988891 -0.027230451 -0.004323387 -0.004998084 0.999607325
1341846664.222189 -0.036155205 -0.028156420 -0.021814846 -0.036785509 -0.002014147 -0.005862431 0.999303937
1341846664.258172 -0.034498438 -0.055173494 -0.039345458 -0.043781281 -0.003266476 -0.005562931 0.999020338
1341846664.290022 -0.025141099 -0.043057166 -0.043008193 -0.048521120 -0.002715371 -0.006290793 0.998798668
1341846664.322491 -0.035102908 -0.041510019 -0.041656207 -0.058099229 0.000686602 -0.007819118 0.998279929
1341846664.358302 -0.037243012 -0.042363808 -0.040816281 -0.066510715 0.000695522 -0.007272325 0.997758985
1341846664.390101 -0.031759664 -0.037491228 -0.039276056 -0.073069565 -0.000049963 -0.006786905 0.997303724
1341846664.426143 -0.031566009 -0.035297751 -0.036721811 -0.081275061 0.000907144 -0.008102951 0.996658325
1341846664.458304 -0.035678159 -0.040656239 -0.040386625 -0.090517148 0.002108561 -0.008338446 0.995857775
1341846664.490116 -0.024780791 -0.033863179 -0.039567526 -0.098859206 0.002312865 -0.009055680 0.995057523
1341846664.526173 -0.039523520 -0.038195476 -0.040664699 -0.107673012 0.005664428 -0.009070483 0.994128823
1341846664.558129 -0.036570802 -0.034452055 -0.038489453 -0.114933677 0.004835033 -0.008271659 0.993326962
1341846664.590129 -0.028969450 -0.040053751 -0.040751170 -0.123315901 0.005831141 -0.007871741 0.992319107
1341846664.626196 -0.041138645 -0.051029615 -0.032584623 -0.128279671 0.010049179 -0.007592045 0.991658032
1341846664.658276 -0.034202971 -0.053482395 -0.027542371 -0.125686109 0.008140694 -0.007299963 0.992009819
1341846664.694136 -0.025892675 -0.044733141 -0.033993173 -0.123228647 0.007038607 -0.007647278 0.992323875
1341846664.726667 -0.028862562 -0.046314813 -0.036591750 -0.126741722 0.011057879 -0.009009507 0.991833210
1341846664.758141 -0.035480369 -0.052526824 -0.031339835 -0.129411861 0.012001862 -0.008553701 0.991481364
1341846664.794104 -0.030952791 -0.043907244 -0.032896541 -0.128728449 0.009815876 -0.008030296 0.991598785
1341846664.826123 -0.036652472 -0.042849764 -0.034125701 -0.130678922 0.012206485 -0.007412051 0.991321862
1341846664.862093 -0.039957635 -0.043130938 -0.032817092 -0.132423922 0.011595799 -0.005794898 0.991108418
1341846664.894198 -0.032769389 -0.038998470 -0.037534337 -0.132048711 0.009873260 -0.005163997 0.991180599
1341846664.926270 -0.029836262 -0.040340535 -0.038043112 -0.133916259 0.012334949 -0.005523128 0.990900517
1341846664.962375 -0.026362887 -0.046297356 -0.034593109 -0.137047902 0.012010573 -0.005031037 0.990478814
1341846664.997077 -0.030526318 -0.040432565 -0.038548641 -0.138149112 0.012756644 -0.006629694 0.990307093
1341846665.026380 -0.036273576 -0.046899717 -0.039996158 -0.142157406 0.014877948 -0.007217536 0.989705920
1341846665.062417 -0.039721824 -0.045831975 -0.034409989 -0.143331081 0.015660776 -0.006535518 0.989529312
1341846665.094077 -0.040297616 -0.039549999 -0.045053650 -0.144495517 0.015261391 -0.005918968 0.989370048
1341846665.130160 -0.034254026 -0.032397065 -0.048517071 -0.148277879 0.017439725 -0.005973050 0.988773942
1341846665.162114 -0.042169053 -0.042060323 -0.040739164 -0.154049903 0.018039441 -0.005088717 0.987885296
1341846665.194100 -0.035311345 -0.041154485 -0.039839145 -0.156108782 0.015427792 -0.004729533 0.987608016
1341846665.230221 -0.023118917 -0.018609446 -0.051871900 -0.157118663 0.015905915 -0.003723220 0.987444639
1341846665.262005 -0.044359278 -0.018861355 -0.049972370 -0.167416543 0.021016160 -0.004277046 0.985652983
1341846665.300077 -0.043179993 -0.033172783 -0.047779914 -0.177831739 0.020596756 -0.004853765 0.983833373
1341846665.362294 -0.047850788 -0.041548256 -0.048547100 -0.189123422 0.025867049 -0.006099211 0.981593609
1341846665.398079 -0.051240511 -0.012927211 -0.047827605 -0.186850011 0.023902144 -0.005974837 0.982079446
1341846665.430162 -0.059978835 -0.032246828 -0.056514278 -0.200359613 0.027422706 -0.008454438 0.979302049
1341846665.462226 -0.051739462 -0.038284555 -0.054631647 -0.212415159 0.030178677 -0.007023962 0.976688147
1341846665.498226 -0.084565014 -0.039429724 -0.052416537 -0.217951521 0.033901274 -0.007580861 0.975341141
1341846665.530109 -0.064816497 -0.038562428 -0.046878338 -0.218951210 0.030197684 -0.007915191 0.975236297
1341846665.562222 -0.070988275 -0.041074373 -0.055040549 -0.220199108 0.033254493 -0.007013353 0.974862754
1341846665.598196 -0.068551041 -0.033839155 -0.056154806 -0.220119148 0.031511914 -0.005253633 0.974949718
1341846665.630107 -0.061932720 -0.024785867 -0.056854345 -0.222104564 0.030885464 -0.007123921 0.974507511
1341846665.666289 -0.062985644 -0.031709496 -0.056714710 -0.227421075 0.033498239 -0.007683000 0.973189890
1341846665.698060 -0.068328597 -0.039542049 -0.062665284 -0.232021257 0.032976691 -0.006362192 0.972130775
1341846665.730361 -0.062821016 -0.039841380 -0.058925536 -0.234792933 0.031521335 -0.006118415 0.971514940
1341846665.766193 -0.045837924 -0.038979929 -0.062268063 -0.238245815 0.030396407 -0.007090293 0.970703185
1341846665.798338 -0.051872857 -0.044084940 -0.065237515 -0.242488027 0.032766748 -0.005530216 0.969585121
1341846665.834237 -0.054447807 -0.037789032 -0.069018446 -0.245443866 0.033281244 -0.007398372 0.968811095
1341846665.866106 -0.046602696 -0.013725252 -0.080359288 -0.246156409 0.034289025 -0.007312155 0.968595803
1341846665.898073 -0.041200031 -0.014687979 -0.077079959 -0.254013985 0.036257952 -0.006275314 0.966500342
1341846665.934076 -0.055008940 -0.011173201 -0.088271320 -0.257797211 0.037808653 -0.005621852 0.965442657
1341846665.966137 -0.068334900 -0.030927382 -0.080187783 -0.265676975 0.040171430 -0.005637613 0.963208318
1341846665.998149 -0.056766771 -0.011086626 -0.080267116 -0.266061783 0.041452419 -0.004019143 0.963055909
1341846666.034210 -0.058544222 -0.007745063 -0.081583083 -0.265356809 0.041023191 -0.001735306 0.963275611
1341846666.072502 -0.065235883 -0.014048641 -0.085143842 -0.267843664 0.041750897 -0.001733725 0.962555766
1341846666.134147 -0.056346942 -0.011193820 -0.086350881 -0.275243402 0.042623665 -0.001238771 0.960428417
1341846666.166356 -0.065211393 -0.010646495 -0.086883269 -0.276557952 0.043013010 -0.001517992 0.960032940
1341846666.202327 -0.066842504 -0.012987149 -0.089620665 -0.279294759 0.045702577 -0.002018072 0.959115028
1341846666.234319 -0.051371895 -0.011798829 -0.089855134 -0.281780779 0.041372791 -0.001814296 0.958584666
1341846666.266322 -0.062767476 -0.018421570 -0.092739888 -0.287452132 0.041140661 -0.000937749 0.956910551
1341846666.302195 -0.072967492 -0.063400880 -0.075619340 -0.308977246 0.044792645 -0.000734612 0.950013757
1341846666.335080 -0.064535089 -0.036565881 -0.084514976 -0.314000160 0.043645181 -0.002079210 0.948416948
1341846666.370216 -0.061636530 -0.020815197 -0.089387268 -0.317283183 0.039936811 0.000464479 0.947489440
1341846666.402019 -0.076914065 -0.022919472 -0.087182224 -0.324161440 0.043161649 0.002303032 0.945013821
1341846666.434088 -0.058687691 0.008824328 -0.096400745 -0.323486835 0.041469488 0.004171791 0.945314288
1341846666.470060 -0.064113975 -0.007345217 -0.086611785 -0.328182817 0.039986718 0.007533748 0.943737447
1341846666.502190 -0.077048279 -0.043271612 -0.081321426 -0.341126233 0.043358415 0.012430497 0.938934743
1341846666.534121 -0.072254144 -0.036438618 -0.082372114 -0.350245476 0.045363210 0.011635799 0.935486436
1341846666.570131 -0.069940254 0.007658660 -0.096107572 -0.349344194 0.044504527 0.013889589 0.935833871
1341846666.602180 -0.073556639 0.008999581 -0.097672716 -0.355225235 0.044512298 0.014696909 0.933604658
1341846666.638072 -0.079840869 0.011372019 -0.098974615 -0.361194730 0.047100365 0.014627295 0.931185246
1341846666.670134 -0.080485463 0.002933748 -0.095086925 -0.366291195 0.045643393 0.014535188 0.929266453
1341846666.738266 -0.072269738 0.003953360 -0.096245386 -0.370489419 0.041837160 0.016786231 0.927742124
1341846666.770390 -0.069647029 0.004390398 -0.093425982 -0.372848153 0.039323937 0.018253217 0.926878989
1341846666.802119 -0.093796290 0.013263262 -0.106406718 -0.371475488 0.040920954 0.022276262 0.927272975
1341846666.838108 -0.090781488 0.019978927 -0.110250488 -0.372136086 0.039386481 0.023783907 0.927037120
1341846666.870483 -0.092153393 0.025375504 -0.114174701 -0.373678833 0.039463114 0.024669085 0.926389873
1341846666.906019 -0.094431974 0.024084901 -0.115729585 -0.376606494 0.038920660 0.024891565 0.925220549
1341846666.937989 -0.087032080 0.025628261 -0.117551319 -0.380138665 0.035421118 0.025089651 0.923910379
1341846666.970036 -0.079641037 0.030813202 -0.119705938 -0.382805169 0.033803269 0.024481710 0.922885835
1341846667.006200 -0.094388813 0.027130947 -0.120799497 -0.385479093 0.036353964 0.021626402 0.921746433
1341846667.038153 -0.102906927 0.031122362 -0.129237399 -0.386758387 0.034210909 0.021821527 0.921287894
1341846667.074153 -0.051658571 0.053114031 -0.132116050 -0.389708579 0.023133790 0.019819101 0.920434296
1341846667.106156 -0.069043301 0.079876140 -0.142566815 -0.390849411 0.027332224 0.017393632 0.919884324
1341846667.138108 -0.069983259 0.071125805 -0.137279600 -0.392476112 0.023639914 0.017190581 0.919297636
1341846667.174105 -0.042727709 0.077138744 -0.141724706 -0.389502943 0.017706659 0.015592755 0.920723021
1341846667.206107 -0.056421515 0.068137228 -0.140949473 -0.389502406 0.023468452 0.011643656 0.920652747
1341846667.238075 -0.076329775 0.054953273 -0.136237815 -0.387351781 0.025761975 0.006859192 0.921546459
1341846667.274016 -0.028876303 0.049007371 -0.140219733 -0.381549537 0.016522955 0.005777639 0.924182653
1341846667.306189 -0.024434874 0.049208287 -0.138535455 -0.371594071 0.017898735 -0.001015755 0.928222179
1341846667.342253 -0.079439923 -0.022106230 -0.119099133 -0.372167945 0.025183858 0.003754531 0.927816093
1341846667.374345 -0.192373589 -0.063038826 -0.123281248 -0.370137930 0.044815477 -0.003415686 0.927888930
1341846667.406982 -0.083928779 -0.020119181 -0.125592992 -0.356153488 0.027035777 -0.007868798 0.934003115
1341846667.442109 -0.096692726 -0.083804622 -0.123836704 -0.355454773 0.029462848 -0.004094136 0.934220016
1341846667.474109 -0.087391853 -0.088473469 -0.120280065 -0.343866587 0.025346303 -0.007008438 0.938650191
1341846667.506006 -0.099187665 -0.091999061 -0.122500882 -0.332355052 0.028765006 -0.008700911 0.942675412
1341846667.542298 -0.121944293 -0.137782618 -0.099114545 -0.326313704 0.029627291 -0.009421775 0.944750130
1341846667.574196 -0.099680640 -0.128540009 -0.112088211 -0.309321880 0.023775574 -0.010020856 0.950607300
1341846667.610099 -0.103911601 -0.080551006 -0.126256019 -0.290232182 0.026168630 -0.014451450 0.956489205
1341846667.642293 -0.118351661 -0.072262228 -0.129562810 -0.280594349 0.027821891 -0.013656493 0.959325910
1341846667.674072 -0.128197521 0.024647364 -0.181744829 -0.256868899 0.029668873 -0.016527776 0.965849340
1341846667.710179 -0.107193656 0.027458221 -0.185968608 -0.255678922 0.029036552 -0.018153790 0.966155052
1341846667.742255 -0.129488379 0.025569061 -0.177586704 -0.252097487 0.033747133 -0.017998386 0.966945708
1341846667.774114 -0.140623435 0.017798640 -0.176159680 -0.245810285 0.034239341 -0.015893446 0.968582690
1341846667.810099 -0.140456662 0.012074640 -0.174640432 -0.243042588 0.037676524 -0.018550904 0.969106138
1341846667.842103 -0.132668734 0.029046314 -0.173552558 -0.235371962 0.037982199 -0.019984808 0.970957220
1341846667.878139 -0.093166694 0.034520116 -0.177525908 -0.224597856 0.029944589 -0.016671905 0.973848641
1341846667.910558 -0.137172922 0.015188451 -0.169536456 -0.223010421 0.040876150 -0.019514985 0.973763168
1341846667.942116 -0.137192696 0.011627038 -0.166384503 -0.218975112 0.044047188 -0.020820944 0.974513352
1341846667.978287 -0.141033947 0.018321058 -0.168333888 -0.209883854 0.044125795 -0.018177351 0.976560950
1341846668.010215 -0.152566478 0.012594745 -0.157047793 -0.203427538 0.049242876 -0.020029608 0.977645755
1341846668.046247 -0.151295036 0.020424373 -0.163872913 -0.193113044 0.052106284 -0.021724548 0.979551077
1341846668.078111 -0.150590211 0.005293565 -0.159498960 -0.187037617 0.052030630 -0.018835710 0.980792999
1341846668.110130 -0.156467870 -0.001497157 -0.151397660 -0.181252033 0.055966135 -0.020154070 0.981636047
1341846668.146332 -0.151484936 -0.004082314 -0.153412491 -0.174076751 0.057581171 -0.021084582 0.982821047
1341846668.178208 -0.176382467 -0.027043231 -0.134675726 -0.167471722 0.059363592 -0.020563722 0.983873129
1341846668.211262 -0.127268314 -0.018214615 -0.137012511 -0.153627798 0.050830163 -0.019360028 0.986630619
1341846668.246163 -0.092618331 -0.012131914 -0.137290671 -0.138824910 0.046518866 -0.016343959 0.989088714
1341846668.278397 -0.161822438 -0.037405655 -0.127267882 -0.131640375 0.055846691 -0.014887053 0.989611208
1341846668.314248 -0.162190914 -0.015075005 -0.133750558 -0.118037313 0.056014158 -0.017348619 0.991276264
1341846668.346231 -0.163922027 -0.009580676 -0.135229662 -0.110769346 0.057831481 -0.016222786 0.992029488
1341846668.378099 -0.164098680 -0.030639347 -0.129016474 -0.108835004 0.056586079 -0.013073727 0.992361844
1341846668.414247 -0.162097991 -0.026613563 -0.127813160 -0.101748563 0.056771737 -0.013154031 0.993101776
1341846668.445965 -0.168571398 -0.039982576 -0.119824685 -0.095863193 0.058374763 -0.010149118 0.993629515
1341846668.478153 -0.171137184 -0.076688334 -0.113920018 -0.083647579 0.056060005 -0.004836662 0.994905531
1341846668.514213 -0.162110463 -0.032229904 -0.129542589 -0.060859609 0.054406565 -0.008029133 0.996630132
1341846668.546115 -0.159965038 -0.024520228 -0.134236932 -0.052856851 0.054143004 -0.009601586 0.997087002
1341846668.582467 -0.157150522 -0.027553905 -0.133552521 -0.046678860 0.052716084 -0.010284760 0.997464955
1341846668.614140 -0.167634591 -0.052861478 -0.122788176 -0.036581982 0.055831593 -0.012195880 0.997695267
1341846668.646312 -0.163266227 -0.019260511 -0.128606692 -0.019031957 0.053839773 -0.013387155 0.998278439
1341846668.682455 -0.162981093 -0.035098825 -0.130637333 -0.014336730 0.050916061 -0.014061797 0.998501003
1341846668.714133 -0.171756044 -0.050130334 -0.124512270 -0.004228294 0.049691338 -0.014063855 0.998656631
1341846668.746132 -0.159363419 -0.025193123 -0.141407862 0.007350841 0.044488534 -0.017852409 0.998823345
1341846668.782338 -0.156465769 -0.004650667 -0.153897688 0.009718996 0.043584462 -0.018280104 0.998835206
1341846668.814140 -0.154448301 -0.012166617 -0.138641119 0.006963670 0.043974958 -0.019072184 0.998826265
1341846668.850214 -0.154108301 -0.007606095 -0.147857189 0.007568857 0.042422362 -0.018488230 0.998899996
1341846668.882442 -0.159105062 -0.005045638 -0.154610753 0.005154139 0.041949723 -0.020630714 0.998893380
1341846668.914289 -0.162423402 -0.009538299 -0.142935768 0.003683297 0.041599009 -0.023359815 0.998854458
1341846668.950088 -0.163113371 -0.005731397 -0.143587872 0.005752353 0.037549101 -0.025596946 0.998950303
1341846668.982227 -0.156591460 0.012990861 -0.155290961 0.004220685 0.033588137 -0.029054292 0.999004424
1341846669.014062 -0.156904906 0.010469220 -0.159205094 -0.004121757 0.032190226 -0.034654561 0.998872280
1341846669.050056 -0.169916019 0.003908017 -0.145810291 -0.009631027 0.030468490 -0.040247425 0.998678625
1341846669.082525 -0.154293165 0.020116024 -0.154481381 -0.012063953 0.024177939 -0.045643080 0.998592317
1341846669.118346 -0.152727813 0.022721272 -0.153769165 -0.021268701 0.022939460 -0.055997960 0.997940719
1341846669.150086 -0.165938780 0.006034671 -0.147474557 -0.029135259 0.021449955 -0.063369341 0.997334123
1341846669.182477 -0.152854115 0.007112485 -0.151832327 -0.030683482 0.015400158 -0.069493152 0.996991515
1341846669.218046 -0.149231911 0.018612826 -0.158382371 -0.036071472 0.015259337 -0.079229049 0.996086717
1341846669.250205 -0.157448933 0.010203461 -0.144129291 -0.041878711 0.014273047 -0.083523855 0.995523095
1341846669.286114 -0.149245948 0.004723679 -0.146017790 -0.043518916 0.011019579 -0.087974876 0.995110571
1341846669.318030 -0.142308980 0.013609900 -0.147700459 -0.044209626 0.011495493 -0.093072675 0.994610906
1341846669.350255 -0.165407404 0.009386681 -0.150844738 -0.046769179 0.012334778 -0.098643973 0.993946612
1341846669.418200 -0.145904317 0.025889607 -0.149242163 -0.053386744 0.006786375 -0.119216651 0.991408706
1341846669.450219 -0.153847277 0.014301209 -0.140289932 -0.059684128 0.005903407 -0.129104495 0.989815652
1341846669.486175 -0.146249652 0.026402272 -0.149246216 -0.061104987 0.002217817 -0.140051946 0.988254368
1341846669.518033 -0.137576655 0.024653006 -0.151966318 -0.068266585 0.002658374 -0.152307868 0.985969007
1341846669.554159 -0.147154495 0.029199053 -0.143118769 -0.072993271 0.005154683 -0.162743762 0.983951151
1341846669.586348 -0.145554006 0.041239031 -0.146955073 -0.075722881 0.004325062 -0.172014430 0.982170224
1341846669.617976 -0.133118108 0.031741571 -0.162427470 -0.084380895 0.004765452 -0.181369543 0.979776621
1341846669.654096 -0.138415605 0.022737734 -0.145304635 -0.089985751 0.008935182 -0.189528883 0.977702141
1341846669.686069 -0.141772702 0.026381910 -0.145365372 -0.089414611 0.010583639 -0.195135623 0.976634562
1341846669.718075 -0.132470027 0.029512597 -0.163637966 -0.091614962 0.010708329 -0.202605590 0.974906683
1341846669.754171 -0.136738867 0.033889465 -0.166549399 -0.097553879 0.014844630 -0.212099507 0.972253382
1341846669.786139 -0.145023003 0.033782963 -0.154913127 -0.102033660 0.018174632 -0.220389619 0.969890296
1341846669.822151 -0.145101458 0.024175847 -0.159532771 -0.106405243 0.018772360 -0.227777526 0.967699826
1341846669.854118 -0.139907628 0.038774289 -0.160909161 -0.109683640 0.020208547 -0.235912815 0.965352893
1341846669.886219 -0.134798691 0.038280465 -0.152763575 -0.115083247 0.021957248 -0.244860366 0.962453723
1341846669.922050 -0.145626903 0.036449026 -0.147590622 -0.118069008 0.024920734 -0.253051758 0.959897637
1341846669.954047 -0.131563842 0.038080860 -0.168445349 -0.121713012 0.024051487 -0.260204405 0.957549572
1341846669.986285 -0.120299026 0.039273772 -0.169009835 -0.128083944 0.025573345 -0.268601418 0.954355180
1341846670.022242 -0.134985790 0.035023350 -0.158457279 -0.132539332 0.031391937 -0.278299838 0.950787604
1341846670.054135 -0.134292781 0.039634794 -0.162029967 -0.134997696 0.034372907 -0.285439700 0.948218465
1341846670.090228 -0.120683089 0.038649146 -0.165882796 -0.139487073 0.034955572 -0.295540839 0.944445372
1341846670.121996 -0.139155522 0.035966784 -0.168395624 -0.144593611 0.042522110 -0.306920707 0.939725637
1341846670.154057 -0.125359610 0.039648578 -0.170555890 -0.147102416 0.045150939 -0.315332919 0.936422646
1341846670.190103 -0.095593929 0.031735763 -0.179016709 -0.150479063 0.042253252 -0.324279696 0.932959497
1341846670.222197 -0.120604835 0.027362222 -0.173286125 -0.154281765 0.049998380 -0.336291760 0.927688062
1341846670.258571 -0.125859365 0.040251452 -0.171482444 -0.153795451 0.057108585 -0.343885958 0.924569130
1341846670.290254 -0.122224934 0.046299748 -0.165416181 -0.154412836 0.059441060 -0.349747747 0.922117114
1341846670.358377 -0.180150256 0.046567496 -0.160150081 -0.155866191 0.082560986 -0.369633317 0.912283182
1341846670.390114 -0.126527831 0.029083529 -0.173974395 -0.153188497 0.078981563 -0.376029402 0.910437882
1341846670.422206 -0.096156977 0.025815282 -0.168086931 -0.147113383 0.080731720 -0.384779543 0.907625914
1341846670.464003 -0.073279247 0.018958630 -0.184916988 -0.139848545 0.084959276 -0.393882394 0.904478312
1341846670.526271 -0.150075093 0.029809086 -0.173207343 -0.136994481 0.113657400 -0.410239816 0.894437134
1341846670.566977 -0.118868731 0.026504872 -0.188787937 -0.132918626 0.112814046 -0.414293051 0.893289924
1341846670.596103 -0.114321105 0.024505612 -0.192175120 -0.129876584 0.114394985 -0.417587906 0.892001212
1341846670.628412 -0.290949076 0.024149328 -0.113119647 -0.141452283 0.145669520 -0.426416844 0.881442189
1341846670.664027 -0.250607252 0.018371858 -0.114508979 -0.135541618 0.142190501 -0.433439046 0.879511774
1341846670.696002 -0.243829876 0.017313780 -0.141165197 -0.127579421 0.146470025 -0.437867165 0.877805412
1341846670.728093 -0.224546656 0.019345855 -0.157709241 -0.119179443 0.148089126 -0.443440855 0.875914395
1341846670.764128 -0.207859755 0.025677010 -0.170712754 -0.112566628 0.152017325 -0.449273705 0.873139501
1341846670.796059 -0.200141102 0.022599857 -0.178687736 -0.106196858 0.157173559 -0.453581601 0.870794117
1341846670.832246 -0.181303337 0.027677190 -0.181966737 -0.095927969 0.158271357 -0.453155160 0.872008264
1341846670.863970 -0.162403449 0.024047509 -0.187246561 -0.091177672 0.156915471 -0.450832248 0.873964787
1341846670.896139 -0.146811321 0.006941387 -0.209259897 -0.085010312 0.159351632 -0.450532973 0.874299884
1341846670.932028 -0.131519154 0.014083217 -0.203040034 -0.071097493 0.163441628 -0.445002973 0.877612889
1341846670.964063 -0.109594449 0.016144989 -0.212622911 -0.058514521 0.159367204 -0.439015448 0.882294476
1341846671.000270 -0.128578097 -0.009935843 -0.221964613 -0.057704449 0.161912128 -0.442515075 0.880133569
1341846671.032112 -0.122791007 -0.008901662 -0.221993402 -0.049135439 0.167692244 -0.446621478 0.877493143
1341846671.064030 -0.103259102 0.000528966 -0.216513261 -0.037617847 0.169080853 -0.448792905 0.876687765
1341846671.101398 -0.095982805 0.001570502 -0.220914438 -0.029777793 0.168378890 -0.454793662 0.874027789
1341846671.132289 -0.094759561 -0.001982394 -0.220898971 -0.019624954 0.170524806 -0.461416632 0.870419919
1341846671.168159 -0.094333842 -0.005575426 -0.215838790 -0.008069399 0.167982832 -0.464411885 0.869504571
1341846671.200149 -0.086159170 -0.001520771 -0.225621909 0.004276134 0.162141487 -0.467967331 0.868733823
1341846671.232280 -0.227769658 -0.052950561 -0.160736695 -0.003290958 0.177191213 -0.474627942 0.862160504
1341846671.268147 -0.218715504 -0.042716790 -0.167368114 0.009256319 0.178225711 -0.477274448 0.860441148
1341846671.300337 -0.207050472 -0.041212812 -0.164780751 0.018864853 0.173157737 -0.478265941 0.860768378
1341846671.336125 -0.202014893 -0.045334373 -0.177428573 0.024420237 0.169320390 -0.482193470 0.859199464
1341846671.368236 -0.196026325 -0.047876798 -0.182525516 0.031114118 0.168984726 -0.485413581 0.857233763
1341846671.400327 -0.184612855 -0.046199419 -0.177140102 0.037861150 0.163679034 -0.487123191 0.857021987
1341846671.436064 -0.176172823 -0.042312361 -0.189134613 0.043276358 0.159366265 -0.492457986 0.854525983
1341846671.468197 -0.164701343 -0.037307099 -0.187970117 0.049821496 0.157789230 -0.497671515 0.851436079
1341846671.504294 -0.160959065 -0.040356819 -0.178951830 0.052682377 0.151410937 -0.501757741 0.850022614
1341846671.536197 -0.155391231 -0.038101096 -0.191457570 0.057660606 0.142674327 -0.510951459 0.845723331
1341846671.568120 -0.140737534 -0.032687645 -0.198791459 0.067077704 0.137387693 -0.518278897 0.841434598
1341846671.604188 -0.150729269 -0.037205197 -0.188477039 0.070381485 0.133769438 -0.523150444 0.838728666
1341846671.636057 -0.135483399 -0.033619750 -0.191040814 0.079955317 0.121630087 -0.530009687 0.835405886
1341846671.672157 -0.130726829 -0.033140786 -0.211352155 0.089220464 0.113349572 -0.533043623 0.833700240
1341846671.704027 -0.121784471 -0.027869079 -0.221986338 0.092477612 0.108823173 -0.535720527 0.832231283
1341846671.736479 -0.120321110 -0.022260662 -0.226521775 0.092655040 0.105674312 -0.542071462 0.828496516
1341846671.774745 -0.118869685 -0.023928614 -0.217972368 0.094620094 0.101385064 -0.546923757 0.825616419
1341846671.804605 -0.113543935 -0.021306567 -0.227545694 0.097258091 0.095439136 -0.549460411 0.824333370
1341846671.840252 -0.153751239 -0.040176328 -0.218953490 0.091342449 0.094870277 -0.554608285 0.821623921
1341846671.872106 -0.136826187 -0.024781473 -0.217871606 0.096465260 0.091781445 -0.557461500 0.819455445
1341846671.904035 -0.133911222 -0.020822385 -0.219575718 0.097022027 0.089297906 -0.559595644 0.818208575
1341846671.972239 -0.134094387 -0.027573295 -0.216161549 0.094954029 0.086724974 -0.571920514 0.810166299
1341846672.034218 -0.154923841 -0.033188507 -0.208650872 0.091015071 0.084357083 -0.584684789 0.801713049
1341846672.066227 -0.157434374 -0.034711722 -0.212573692 0.090138122 0.084441848 -0.590939879 0.797204316
1341846672.098024 -0.157474965 -0.037978970 -0.212737888 0.089658692 0.080895081 -0.594648361 0.794865131
1341846672.134061 -0.158238351 -0.041980177 -0.221222490 0.088759564 0.078119524 -0.598692417 0.792203546
1341846672.166000 -0.156986743 -0.050017793 -0.225861922 0.086783856 0.077666871 -0.603986204 0.788439631
1341846672.198405 -0.159970567 -0.047860313 -0.223557889 0.087042570 0.077515617 -0.608473420 0.784968138
1341846672.234130 -0.165581107 -0.050769046 -0.224011406 0.087394401 0.075004794 -0.612331569 0.782167852
1341846672.266403 -0.165128902 -0.050456792 -0.229478359 0.090123154 0.073771380 -0.614629447 0.780170679
1341846672.302710 -0.158897206 -0.048773590 -0.221327350 0.090135768 0.072448485 -0.615789354 0.779378057
1341846672.335022 -0.164824277 -0.048406508 -0.233350322 0.087738782 0.071358167 -0.618727326 0.777422905
1341846672.366487 -0.172254205 -0.045695070 -0.229652122 0.088043354 0.073071204 -0.621031523 0.775389433
1341846672.402478 -0.160571843 -0.044651680 -0.229047701 0.090551741 0.072029382 -0.620090008 0.775951385
1341846672.434330 -0.148799494 -0.046128329 -0.224897757 0.090692975 0.070442930 -0.618586242 0.777279615
1341846672.472323 -0.145374164 -0.043409929 -0.221753940 0.091838822 0.070239745 -0.618343472 0.777356625
1341846672.534812 -0.162096605 -0.043553226 -0.221880332 0.089966834 0.069481499 -0.616007388 0.779495478
1341846672.570153 -0.157636732 -0.043044128 -0.221887305 0.087644689 0.067979239 -0.615621924 0.780196667
1341846672.608881 -0.158139989 -0.038649227 -0.220495477 0.088671364 0.066429257 -0.613989294 0.781499624
1341846672.640836 -0.152911827 -0.037242636 -0.223857194 0.087740876 0.063709497 -0.609992623 0.784953296
1341846672.708152 -0.157434613 -0.038639054 -0.220847473 0.086179107 0.060693186 -0.598640084 0.794052601
1341846672.770288 -0.157956094 -0.036396191 -0.219886899 0.088476330 0.055336390 -0.577961802 0.809363902
1341846672.803280 -0.160024658 -0.037500322 -0.216525197 0.090045266 0.052537054 -0.568532825 0.816028297
1341846672.838034 -0.153664872 -0.035336141 -0.214850128 0.091800407 0.048402954 -0.558513641 0.822977722
1341846672.870092 -0.152545512 -0.035002913 -0.213464245 0.092240997 0.044336442 -0.551140726 0.828112185
1341846672.902275 -0.156513587 -0.029889364 -0.211506560 0.092685774 0.042074461 -0.544290006 0.832698882
1341846672.938315 -0.160736933 -0.031928476 -0.211113408 0.090841405 0.038510606 -0.535821438 0.838546455
1341846672.970326 -0.151281759 -0.027919857 -0.207571387 0.090563186 0.033880882 -0.525466740 0.845301747
1341846673.008221 -0.148484632 -0.025242981 -0.205586180 0.089138247 0.031025525 -0.515683889 0.851564407
1341846673.070235 -0.154066935 -0.025825480 -0.206410244 0.082717136 0.028261850 -0.496424049 0.863667965
1341846673.106189 -0.156161800 -0.022830267 -0.207511798 0.084447108 0.025203237 -0.483155698 0.871087849
1341846673.138104 -0.151396498 -0.025458060 -0.201772138 0.085298315 0.020489955 -0.469711751 0.878450453
1341846673.170298 -0.153284773 -0.025600763 -0.201369286 0.085120440 0.017765991 -0.461073518 0.883091211
1341846673.206489 -0.152388945 -0.029910328 -0.202520162 0.086778566 0.013809549 -0.450259537 0.888563514
1341846673.238153 -0.155090824 -0.029829333 -0.203871101 0.088323779 0.009511375 -0.439750820 0.893715680
1341846673.274220 -0.150480360 -0.036559965 -0.196738586 0.089598380 0.005505410 -0.431470186 0.897649884
1341846673.306107 -0.153388008 -0.032696452 -0.205272779 0.093120620 0.003326860 -0.423174381 0.901244104
1341846673.338187 -0.146950081 -0.032085281 -0.202756047 0.096005306 -0.001191365 -0.412667423 0.905807436
1341846673.374098 -0.150704920 -0.035064403 -0.203042358 0.098274797 -0.003086149 -0.403011352 0.909897983
1341846673.406266 -0.145352840 -0.038156155 -0.201463729 0.101691380 -0.006154663 -0.391326606 0.914595246
1341846673.438267 -0.151695266 -0.036761120 -0.196069911 0.104534999 -0.009404588 -0.377023607 0.920237541
1341846673.474135 -0.148369417 -0.036469948 -0.194083422 0.108646907 -0.012701680 -0.363414526 0.925183415
1341846673.506260 -0.148035884 -0.034962140 -0.198435575 0.111390591 -0.015861437 -0.349724770 0.930071592
1341846673.542168 -0.147754118 -0.030024227 -0.194498375 0.112289704 -0.020584133 -0.336910069 0.934590220
1341846673.574072 -0.150086433 -0.031715494 -0.197014183 0.111214623 -0.024018012 -0.326905698 0.938182831
1341846673.606102 -0.155742779 -0.026480880 -0.196881443 0.111294284 -0.027309624 -0.315890789 0.941849649
1341846673.648026 -0.154407486 -0.018705215 -0.194346741 0.109755933 -0.033911124 -0.303823203 0.945777535
1341846673.710162 -0.164042383 -0.014475873 -0.190830037 0.100382738 -0.042926073 -0.280999184 0.953477919
1341846673.742225 -0.174189419 -0.012593057 -0.191016316 0.095706470 -0.047476955 -0.265251517 0.958242059
1341846673.774298 -0.180886790 -0.004814465 -0.192508981 0.094483033 -0.053237427 -0.250898242 0.961919308
1341846673.810154 -0.171122268 -0.011047938 -0.209598333 0.090956435 -0.060024895 -0.236992717 0.965379953
1341846673.842305 -0.179611921 0.015486053 -0.195666030 0.091434203 -0.064453095 -0.223011032 0.968375802
1341846673.874285 -0.171742186 0.032621641 -0.187977955 0.090532117 -0.069241941 -0.213553533 0.970259964
1341846673.910253 -0.161321849 0.026886404 -0.196193174 0.084216855 -0.073964216 -0.200233966 0.973315537
1341846673.942284 -0.172495365 0.028030949 -0.177720889 0.081443563 -0.076405384 -0.190262780 0.975361109
1341846673.978434 -0.157739192 0.016076716 -0.170535699 0.079335503 -0.079735383 -0.181307569 0.976972699
1341846674.016486 -0.157655314 0.012491452 -0.180030957 0.080157585 -0.079271257 -0.171137810 0.978776097
1341846674.052060 -0.165211469 0.009665038 -0.180648893 0.079177432 -0.079057626 -0.161720589 0.980472982
1341846674.084057 -0.148540124 0.013203084 -0.178565696 0.080552064 -0.081282608 -0.153308228 0.981530011
1341846674.152235 -0.165602922 0.010178066 -0.189258948 0.071536988 -0.077624179 -0.138603628 0.984706044
1341846674.210322 -0.147882000 0.013377607 -0.182621658 0.065420471 -0.078084685 -0.121036895 0.987407207
1341846674.246217 -0.165962771 0.005627446 -0.182235718 0.059519436 -0.076226279 -0.115162432 0.988627672
1341846674.278035 -0.164497241 -0.001274109 -0.186213851 0.059172515 -0.078050315 -0.105757788 0.989556491
1341846674.310117 -0.161176294 0.011468834 -0.192657232 0.060169984 -0.079133861 -0.096151263 0.990390003
1341846674.346212 -0.161711037 0.012447619 -0.188408256 0.057504762 -0.078837827 -0.088790588 0.991258800
1341846674.378058 -0.160443768 0.001478810 -0.182167351 0.056920521 -0.078373976 -0.078232624 0.992218316
1341846674.410162 -0.161951691 0.011036081 -0.201589808 0.057827745 -0.077798471 -0.070307031 0.992804229
1341846674.446125 -0.134411484 0.020750163 -0.174990192 0.057039078 -0.082051195 -0.061659988 0.993082166
1341846674.478198 -0.154527292 0.009976713 -0.172033504 0.055614870 -0.078136586 -0.057067245 0.993753016
1341846674.514124 -0.156894788 0.018158024 -0.174587831 0.056168556 -0.077618808 -0.053097371 0.993982434
1341846674.546062 -0.158581793 0.012194147 -0.180583924 0.054349080 -0.078169324 -0.048988458 0.994251430
1341846674.578094 -0.156014100 0.012395686 -0.176192373 0.054566093 -0.077893093 -0.044187412 0.994486153
1341846674.614179 -0.161345303 0.019163942 -0.185881242 0.053652477 -0.075425714 -0.040024009 0.994902253
1341846674.682209 -0.162364200 0.007710597 -0.182433322 0.053991284 -0.076826975 -0.024651937 0.995276272
1341846674.714186 -0.158205703 0.018281078 -0.174421057 0.056108430 -0.076784164 -0.015241597 0.995351076
1341846674.752271 -0.156091839 0.012153172 -0.182968035 0.054888751 -0.077366143 -0.005286112 0.995476663
1341846674.814222 -0.158504039 0.017382460 -0.178247526 0.054607727 -0.075616784 0.009188574 0.995598137
1341846674.846370 -0.158730999 0.021789027 -0.180950806 0.055312745 -0.075132720 0.017488042 0.995484650
1341846674.882158 -0.161372215 0.021742772 -0.192327991 0.054531418 -0.074292898 0.023952855 0.995456278
1341846674.914224 -0.161370695 0.029052280 -0.186153010 0.053259961 -0.074291468 0.029577188 0.995373964
1341846674.950305 -0.159746766 0.026246369 -0.184477881 0.050044946 -0.074337713 0.034891784 0.995365262
1341846674.982342 -0.162545279 0.030249054 -0.202373698 0.046899274 -0.075624175 0.038811896 0.995276392
1341846675.014137 -0.163266793 0.044546593 -0.200000614 0.039788239 -0.077626720 0.042051017 0.995300293
1341846675.050230 -0.158770502 0.039196685 -0.188436851 0.029606903 -0.079545744 0.045228910 0.995364368
1341846675.088201 -0.162996292 0.050497029 -0.185216472 0.025668060 -0.078711621 0.046222426 0.995494366
1341846675.150188 -0.161750659 0.102997378 -0.187050670 0.006882256 -0.077374056 0.052993957 0.995568931
1341846675.182290 -0.165542468 0.051215075 -0.187105402 -0.014150484 -0.073348261 0.047786634 0.996060371
1341846675.218759 -0.168138370 0.052127294 -0.192802459 -0.021122921 -0.072291084 0.053001545 0.995750308
1341846675.251951 -0.168345004 0.056094084 -0.178059235 -0.027228029 -0.072614901 0.053795397 0.995535910
1341846675.282406 -0.165948063 0.049120493 -0.172548071 -0.031013144 -0.071725510 0.055783693 0.995380223
1341846675.318078 -0.168801427 0.052929748 -0.183919191 -0.034727450 -0.067752711 0.060121827 0.995283365
1341846675.350149 -0.160300165 0.061908688 -0.184899032 -0.042116582 -0.066595741 0.061528552 0.994990170
1341846675.382271 -0.165873423 0.058533564 -0.166862562 -0.052663043 -0.063332446 0.059616216 0.994817317
1341846675.450238 -0.188627169 0.045877047 -0.148616239 -0.060288757 -0.050832730 0.069323763 0.994472504
1341846675.486165 -0.167403877 0.021443091 -0.140123710 -0.055396061 -0.051660351 0.080607437 0.993863642
1341846675.518083 -0.173504636 0.028532410 -0.134515166 -0.044747420 -0.049615622 0.088907577 0.993796468
1341846675.550092 -0.182842553 0.041191414 -0.138349488 -0.035279755 -0.048675708 0.095280692 0.993633509
1341846675.586070 -0.175494552 0.044816043 -0.141105846 -0.031231834 -0.048455119 0.099297382 0.993386507
1341846675.618075 -0.178303942 0.041091137 -0.133826867 -0.026602533 -0.044901576 0.102263220 0.993387341
1341846675.650024 -0.182371482 0.041208200 -0.135042012 -0.020705029 -0.044296142 0.104880303 0.993282080
1341846675.686118 -0.181977421 0.048381977 -0.126238331 -0.015980773 -0.045493934 0.103343971 0.993476152
1341846675.718055 -0.177486941 0.040150292 -0.130598426 -0.012513055 -0.043225728 0.102241136 0.993741274
1341846675.754170 -0.178461954 0.037303597 -0.127068102 -0.006233669 -0.041208573 0.100394376 0.994074404
1341846675.786330 -0.176104456 0.047297265 -0.123862915 -0.000838979 -0.040478658 0.099171028 0.994246364
1341846675.818106 -0.172154292 0.045214962 -0.130906507 0.002427277 -0.036701646 0.096206933 0.994681478
1341846675.854095 -0.176751405 0.041824289 -0.128977984 0.006297437 -0.033987287 0.095445536 0.994834363
1341846675.886163 -0.175227940 0.041537728 -0.132794991 0.012915149 -0.035708759 0.097459763 0.994514823
1341846675.922346 -0.168476403 0.044958401 -0.134402782 0.023013078 -0.035283040 0.097487696 0.994344831
1341846675.961651 -0.168829232 0.039518055 -0.138029858 0.030554602 -0.034427449 0.095311098 0.994382679
1341846676.028080 -0.146046862 0.026039328 -0.153192386 0.051295023 -0.039609239 0.094757736 0.993388593
1341846676.122163 -0.135568842 0.058478221 -0.181516483 0.060542297 -0.044925418 0.084521838 0.993565500
1341846676.154447 -0.125170529 0.040881153 -0.178390279 0.055784557 -0.045252379 0.085367262 0.993756890
1341846676.190230 -0.116380043 0.049249947 -0.186438233 0.057177711 -0.048106834 0.085454479 0.993536115
1341846676.222476 -0.102322645 0.078592137 -0.202062801 0.055444483 -0.048452526 0.083115123 0.993815899
1341846676.257017 -0.099869616 0.064473756 -0.199347541 0.046437491 -0.045895685 0.081526242 0.994530320
1341846676.290401 -0.081462517 0.058057845 -0.194980770 0.043586627 -0.047453400 0.082825951 0.994478881
1341846676.322689 -0.067225665 0.073040403 -0.211476177 0.042363275 -0.045816328 0.080949172 0.994763017
1341846676.360815 -0.059381019 0.090412915 -0.235737756 0.033269200 -0.041056331 0.080690540 0.995337367
1341846676.390851 -0.052757781 0.066146322 -0.205421582 0.021049339 -0.038791798 0.076200716 0.996115208
1341846676.424250 -0.034497764 0.059289761 -0.224957034 0.022860801 -0.037900247 0.078463681 0.995933950
1341846676.459033 -0.021531725 0.078802668 -0.250865579 0.023051003 -0.034996297 0.081102416 0.995824456
1341846676.490669 -0.017816788 0.079136431 -0.229774952 0.018506885 -0.031078830 0.082249448 0.995955169
1341846676.532743 0.001600657 0.070834637 -0.247660324 0.016486749 -0.028666254 0.083381206 0.995968878
1341846676.564052 -0.005390900 0.090190195 -0.241367191 0.016621687 -0.022821316 0.082863465 0.996160865
1341846676.596566 0.008385604 0.089911975 -0.235633090 0.012772813 -0.022458918 0.082452632 0.996259987
1341846676.632057 0.015276638 0.081753314 -0.243441701 0.010408289 -0.019347897 0.079558052 0.996588051
1341846676.690079 0.020641612 0.082420364 -0.250855029 0.010012325 -0.014880134 0.075928040 0.996951938
1341846676.726102 0.031428367 0.083420873 -0.252687991 0.010548059 -0.012170217 0.072922595 0.997207582
1341846676.758419 0.034171708 0.081706971 -0.246451274 0.013125505 -0.008580978 0.072754614 0.997226536
1341846676.790227 0.030249313 0.085619129 -0.257062942 0.014749018 -0.006564665 0.072742887 0.997220039
1341846676.826179 0.037226964 0.086438827 -0.263353616 0.015558177 -0.002678250 0.070860237 0.997361302
1341846676.858331 0.032860767 0.083103910 -0.256705523 0.016403288 0.001942679 0.072195299 0.997253716
1341846676.894086 0.034085777 0.089232132 -0.257079542 0.017210113 0.000678792 0.074074328 0.997103989
1341846676.926062 0.049941082 0.094424590 -0.255939215 0.017311450 -0.000563730 0.072736330 0.997200787
1341846676.958080 0.046915580 0.090000361 -0.253434747 0.016943801 0.001943506 0.073002771 0.997185886
1341846676.994140 0.046739217 0.085517712 -0.259895414 0.017445398 0.000829793 0.074336782 0.997080266
1341846677.026242 0.061320744 0.093584403 -0.260992140 0.018784067 -0.002048996 0.073815286 0.997092903
1341846677.094244 0.056248274 0.091519728 -0.262402028 0.016521476 -0.001691203 0.072525807 0.997228265
1341846677.126108 0.064821839 0.083665118 -0.257472008 0.017312683 -0.003927426 0.073713474 0.997121453
1341846677.162066 0.067000993 0.092202522 -0.265732914 0.020266607 -0.003392501 0.073045999 0.997116864
1341846677.194068 0.070908517 0.092053533 -0.261248350 0.019159485 -0.005403223 0.074020080 0.997058034
1341846677.226206 0.076887660 0.079350963 -0.265569478 0.016955908 -0.005090437 0.073441327 0.997142375
1341846677.262033 0.087703578 0.079299845 -0.260995746 0.019836593 -0.003870139 0.074012578 0.997052491
1341846677.294125 0.081191987 0.086591884 -0.263886482 0.021915752 -0.004436811 0.074720889 0.996953785
1341846677.326503 0.089186937 0.086846426 -0.266097397 0.020379329 -0.004706196 0.073654585 0.997064471
1341846677.362194 0.095080353 0.078326240 -0.263497442 0.019646598 -0.002301277 0.073744312 0.997080982
1341846677.394280 0.091184780 0.082528256 -0.260979950 0.021600874 -0.001734556 0.074588418 0.996978939
1341846677.430058 0.101471402 0.083276868 -0.262276709 0.021686830 -0.001787978 0.074133918 0.997010887
1341846677.468326 0.099677004 0.080349281 -0.260755539 0.022523377 0.001580768 0.073056944 0.997072160
1341846677.530161 0.115763783 0.078362055 -0.264604777 0.026376577 0.002347759 0.072038576 0.997050226
1341846677.562051 0.113844864 0.081706241 -0.259544134 0.028184088 0.005556861 0.070384331 0.997106254
1341846677.594105 0.115449987 0.080705181 -0.262813479 0.028235529 0.006070740 0.069529369 0.997161746
1341846677.630227 0.123084143 0.077435382 -0.263729095 0.028283125 0.005912999 0.068400517 0.997239411
1341846677.662033 0.122892007 0.080348946 -0.262125641 0.029697804 0.007388274 0.068645969 0.997171581
1341846677.730320 0.128984094 0.079921477 -0.264143199 0.028763039 0.006572562 0.069209099 0.997165799
1341846677.763691 0.132484436 0.075977206 -0.262279689 0.029583609 0.007223199 0.069665901 0.997105420
1341846677.798630 0.124071449 0.084814161 -0.265702337 0.030751007 0.006684225 0.068321086 0.997166932
1341846677.830104 0.134625688 0.079794981 -0.262195051 0.029730212 0.006150380 0.066590346 0.997318387
1341846677.862185 0.133729309 0.068768486 -0.261008292 0.031223584 0.008761561 0.066090457 0.997286499
1341846677.898344 0.132684827 0.071202636 -0.259921104 0.034723997 0.008303693 0.067072064 0.997109175
1341846677.930181 0.137056217 0.073883533 -0.264511406 0.037043419 0.008242544 0.066004470 0.997097373
1341846677.966256 0.136576444 0.064344436 -0.264328659 0.038636394 0.010832119 0.064958736 0.997080863
1341846677.998516 0.135315001 0.059787966 -0.272163957 0.042776041 0.010131117 0.066569999 0.996812940
1341846678.030368 0.132079750 0.068544976 -0.266075402 0.047068115 0.008606751 0.066048846 0.996668518
1341846678.066187 0.145722225 0.063955545 -0.269985795 0.048188169 0.008443335 0.065876946 0.996627748
1341846678.098076 0.127609983 0.059590392 -0.273319542 0.049662493 0.010873394 0.066512570 0.996489584
1341846678.134082 0.130605564 0.060690787 -0.274687856 0.051365245 0.007431076 0.066712737 0.996421456
1341846678.166092 0.142411485 0.062189605 -0.273037761 0.052594960 0.006449474 0.065474540 0.996446311
1341846678.204293 0.137239069 0.055434663 -0.276204228 0.053504452 0.007535573 0.066660069 0.996311665
1341846678.266209 0.139187559 0.052810680 -0.281407118 0.057148486 0.004619172 0.066518798 0.996136487
1341846678.298316 0.132976487 0.056619339 -0.285421699 0.058128580 0.004292265 0.066874892 0.996057391
1341846678.334135 0.141392007 0.052505456 -0.284951508 0.057603009 0.001111576 0.066305578 0.996134639
1341846678.366593 0.151508763 0.048874974 -0.280804127 0.058653481 0.000218108 0.066524670 0.996059299
1341846678.402292 0.141785711 0.050881289 -0.280660212 0.060525410 0.001334594 0.067050271 0.995911241
1341846678.439991 0.144485340 0.051117692 -0.281963676 0.061345778 0.001194354 0.066645056 0.995888412
