1341846647.802247 0.000000000 0.000000000 0.000000000 0.000000000 0.000000000 0.000000000 1.000000000
1341846647.834093 0.003731938 0.000739009 -0.000734362 0.001192557 -0.000347948 0.000806573 0.999998868
1341846647.866652 0.009417484 0.004789441 -0.003133886 0.003148318 0.000996835 0.002198951 0.999992132
1341846647.901972 0.009159154 0.007959194 -0.005515509 0.003613798 0.003266661 0.002396147 0.999985278
1341846647.934224 0.006638736 0.011789770 -0.005312471 0.002947494 0.003948167 0.002336924 0.999985158
1341846647.970225 0.010929942 0.013054536 -0.004121831 0.002877404 0.001802526 0.003085630 0.999989450
1341846648.002341 0.012195706 0.016352557 -0.006989388 0.002594698 0.000923079 0.002973659 0.999991775
1341846648.034343 0.016420532 0.012480887 -0.007575869 -0.000731160 -0.000629989 0.003441917 0.999993622
1341846648.070164 0.010509977 0.008372848 -0.008405296 -0.002491567 -0.002570257 0.003672542 0.999986827
1341846648.102152 0.026923168 0.006183624 -0.003590664 -0.002379121 -0.008241893 0.005208057 0.999949634
1341846648.138185 0.028899057 0.004053014 -0.010668759 -0.003468083 -0.009907088 0.005256215 0.999931097
1341846648.170568 0.026495619 0.002110712 -0.015229112 -0.006552569 -0.011131985 0.005439730 0.999901772
1341846648.202106 0.031684920 0.003236888 -0.015422333 -0.007632873 -0.015997300 0.004557039 0.999832511
1341846648.238157 0.032457303 -0.004568407 -0.013783940 -0.008221488 -0.021106761 0.005042051 0.999730706
1341846648.270152 0.036636151 0.006491613 -0.029495560 -0.008481647 -0.027106468 0.002296885 0.999593914
1341846648.302183 0.034701336 0.012188438 -0.029481154 -0.012888370 -0.031346802 -0.002436701 0.999422491
1341846648.338170 0.041622508 0.003906888 -0.019853495 -0.017660474 -0.037024986 -0.005971703 0.999140441
1341846648.370216 0.038285170 -0.002224603 -0.024104688 -0.020569518 -0.043117195 -0.006877363 0.998834550
1341846648.406052 0.037937872 -0.001116169 -0.024054840 -0.021348082 -0.053025242 -0.005459010 0.998350024
1341846648.438342 0.039032184 0.003641389 -0.023203652 -0.020953188 -0.060012221 -0.004792949 0.997966170
1341846648.470076 0.039333843 0.009931793 -0.024127003 -0.020901015 -0.065107934 -0.004345486 0.997649848
1341846648.506263 0.052963868 0.006758817 -0.024508612 -0.024764745 -0.073074646 -0.002695126 0.997015357
1341846648.538249 0.035401981 -0.000056600 -0.025934564 -0.028840721 -0.075938627 -0.005538710 0.996679962
1341846648.570179 0.036829285 0.010317219 -0.025355566 -0.030096021 -0.079701275 -0.006591890 0.996342599
1341846648.606081 0.059938662 0.005729799 -0.025295204 -0.033397507 -0.087383427 -0.007154450 0.995589077
1341846648.638395 0.065984927 -0.002690106 -0.011333534 -0.035314754 -0.098868042 -0.008023475 0.994441390
1341846648.674053 0.066899188 -0.003708284 -0.021650245 -0.033839248 -0.101823471 -0.008375353 0.994191527
1341846648.706058 0.093539171 -0.006024258 -0.027679848 -0.034491464 -0.112526387 -0.006543714 0.993028343
1341846648.738116 0.076703347 -0.007704658 -0.015564129 -0.034825340 -0.119503327 -0.007304420 0.992195964
1341846648.774049 0.120486461 -0.008314726 -0.001549035 -0.032502566 -0.129365757 -0.004698686 0.991052985
1341846648.805941 0.126908347 -0.014149116 -0.009052583 -0.032469254 -0.132727936 -0.001147361 0.990619898
1341846648.838602 0.124353692 -0.007902696 -0.011279873 -0.032121263 -0.139826298 -0.000038593 0.989654958
1341846648.874088 0.140828893 -0.003332569 -0.002682915 -0.033094261 -0.146462798 -0.002561837 0.988659143
1341846648.906165 0.141831204 -0.008404833 -0.004283600 -0.036136355 -0.150647044 -0.001063182 0.987926364
1341846648.942154 0.154919103 -0.017178498 0.010696795 -0.039301757 -0.171843022 0.006999794 0.984315157
1341846648.974090 0.160501048 -0.002899188 -0.002177442 -0.038238414 -0.180431694 0.002368635 0.982841074
1341846649.006157 0.165456161 -0.007546131 0.012902682 -0.042123619 -0.184685186 -0.000617730 0.981894374
1341846649.042101 0.175921917 -0.013291858 0.015618376 -0.043561205 -0.194767535 0.002343264 0.979878843
1341846649.074128 0.182209611 -0.004456074 -0.001728317 -0.042536803 -0.201666251 -0.006441486 0.978509009
1341846649.106188 0.183080837 -0.002605769 0.018358262 -0.044722453 -0.202929512 -0.017416736 0.978016436
1341846649.142042 0.190363303 -0.007222753 0.021279432 -0.048634134 -0.206474990 -0.018766699 0.977062225
1341846649.174442 0.196836054 -0.003901536 0.028413918 -0.050234154 -0.213130444 -0.022899581 0.975462735
1341846649.216152 0.205431446 -0.001870256 0.040458776 -0.050923787 -0.215347618 -0.026281834 0.974854589
1341846649.248048 0.210091203 -0.011129564 0.034119934 -0.054439977 -0.215064421 -0.023819173 0.974790335
1341846649.280075 0.213437572 -0.000171920 0.031470876 -0.056904677 -0.217580810 -0.024535477 0.974073112
1341846649.316071 0.219048232 -0.005599646 0.041260451 -0.062290464 -0.219590276 -0.024772845 0.973286331
1341846649.348041 0.221861601 -0.022524936 0.063319936 -0.067555025 -0.223159224 -0.021274472 0.972205579
1341846649.383973 0.220456079 -0.013557170 0.062901236 -0.063857920 -0.226904556 -0.019914111 0.971617162
1341846649.416053 0.236836433 -0.005977647 0.047568586 -0.063334733 -0.227939695 -0.020132773 0.971404612
1341846649.448084 0.242852718 -0.009922540 0.051261734 -0.068758719 -0.225569427 -0.021418164 0.971561611
1341846649.484154 0.245008007 -0.022740241 0.064869121 -0.073549263 -0.228417143 -0.021083293 0.970552206
1341846649.516198 0.250780910 -0.015203972 0.068772592 -0.071331292 -0.230828539 -0.023636371 0.970088303
1341846649.552101 0.251605988 -0.013754003 0.070148185 -0.069015831 -0.228580400 -0.028816855 0.970647931
1341846649.616167 0.259785205 -0.026817089 0.075347126 -0.070966959 -0.232936978 -0.021198241 0.969667315
1341846649.678101 0.275898486 -0.034224235 0.073280618 -0.070313558 -0.236181349 -0.023555648 0.968875408
1341846649.710937 0.278277725 -0.041545741 0.071433894 -0.070674621 -0.242462158 -0.022401903 0.967323780
1341846649.746112 0.277729988 -0.038075071 0.083343327 -0.067589730 -0.249266341 -0.026618229 0.965706646
1341846649.778019 0.282578886 -0.038615607 0.077926278 -0.065783940 -0.253547758 -0.028416341 0.964664936
1341846649.810257 0.283528239 -0.042907257 0.063189007 -0.065254502 -0.260333300 -0.028231289 0.962897420
1341846649.846059 0.309145600 -0.025623513 0.050081987 -0.064766861 -0.270858705 -0.028894871 0.960003078
1341846649.878137 0.313073874 -0.031633127 0.074598297 -0.070365921 -0.277717799 -0.030893864 0.957583964
1341846649.914184 0.319583654 -0.047606874 0.106532238 -0.072873406 -0.285442352 -0.025572840 0.955279052
1341846649.952612 0.332995296 -0.035701986 0.098130763 -0.068689756 -0.288549453 -0.022206530 0.954739630
1341846650.014156 0.346124440 -0.039403200 0.106510334 -0.069630086 -0.292688847 -0.013085686 0.953579366
1341846650.046184 0.357176751 -0.028593937 0.116826572 -0.066864364 -0.297026366 -0.012322695 0.952445626
1341846650.078250 0.365189254 -0.028728632 0.123550706 -0.065089911 -0.296936631 -0.013347474 0.952582657
1341846650.114215 0.368649930 -0.034473032 0.126274824 -0.064558111 -0.296673149 -0.010456172 0.952737093
1341846650.146137 0.375300825 -0.036407184 0.138061881 -0.063183844 -0.300389707 -0.008167705 0.951686442
1341846650.182236 0.381601840 -0.034805585 0.149714574 -0.058708467 -0.300899923 -0.009346559 0.951801062
1341846650.214164 0.391733676 -0.036576401 0.141202196 -0.056880765 -0.299569786 -0.009841423 0.952326417
1341846650.246084 0.392922282 -0.039848510 0.139747903 -0.059496928 -0.300455272 -0.009677712 0.951889217
1341846650.282167 0.397303402 -0.045878556 0.164778471 -0.057347987 -0.300848573 -0.013450007 0.951851070
1341846650.314158 0.403959244 -0.041888695 0.155420944 -0.053148154 -0.296853840 -0.016332345 0.953302860
1341846650.350453 0.404710501 -0.046006449 0.147171840 -0.055544004 -0.296279937 -0.017402112 0.953325927
1341846650.382075 0.408031821 -0.049001105 0.160135895 -0.057253681 -0.297152311 -0.020472949 0.952892125
1341846650.414224 0.410444736 -0.051877167 0.170364603 -0.055228136 -0.293497592 -0.021510715 0.954120696
1341846650.450353 0.405636638 -0.049329255 0.153633818 -0.053239662 -0.286894709 -0.020160643 0.956269085
1341846650.484849 0.408546180 -0.037946042 0.151216820 -0.052824933 -0.284316599 -0.022819785 0.957002044
1341846650.514091 0.405502290 -0.057065591 0.166731670 -0.056532383 -0.279147476 -0.023605449 0.958292067
1341846650.550746 0.395980597 -0.055183277 0.169754833 -0.051158976 -0.272050083 -0.023172652 0.960642815
1341846650.582069 0.395834684 -0.054377407 0.150334865 -0.046346057 -0.264747292 -0.023025012 0.962928236
1341846650.618092 0.386315137 -0.049722981 0.142534107 -0.045347326 -0.258062154 -0.026867675 0.964689434
1341846650.650422 0.373557985 -0.053739950 0.145700514 -0.044731032 -0.250193119 -0.030023456 0.966695964
1341846650.682114 0.360625982 -0.052703045 0.138780668 -0.043057293 -0.242445603 -0.032378349 0.968668103
1341846650.718110 0.352172405 -0.057468567 0.128708258 -0.043054830 -0.236253306 -0.034689549 0.970117152
1341846650.750112 0.345322460 -0.051402677 0.134057879 -0.041028421 -0.229530960 -0.038091477 0.971689880
1341846650.782116 0.322778344 -0.057945959 0.142094284 -0.041122343 -0.218185410 -0.036349613 0.974362791
1341846650.818115 0.310434371 -0.061318107 0.135171339 -0.038774554 -0.213771671 -0.034315351 0.975510478
1341846650.850139 0.304276347 -0.055286273 0.120973304 -0.036837410 -0.209159866 -0.035813190 0.976530850
1341846650.886238 0.287644178 -0.046934597 0.118183330 -0.036271483 -0.195455313 -0.038547743 0.979283214
1341846650.918288 0.269753307 -0.050929591 0.117997728 -0.036980186 -0.183646187 -0.036217980 0.981628656
1341846650.950233 0.263544351 -0.054022480 0.110533565 -0.037833720 -0.177684084 -0.033108037 0.982802570
1341846650.986247 0.252130330 -0.050135545 0.114691451 -0.038360529 -0.167500466 -0.030507544 0.984652936
1341846651.050482 0.223046809 -0.051994778 0.085378826 -0.036752369 -0.147236273 -0.023938620 0.988128364
1341846651.086169 0.217542663 -0.049273420 0.094779752 -0.040663414 -0.140451849 -0.022931986 0.988986313
1341846651.118423 0.208284050 -0.057367615 0.102392249 -0.041137699 -0.130811721 -0.019268652 0.990365922
1341846651.154189 0.193782330 -0.056984924 0.092471346 -0.037163872 -0.122903533 -0.016124012 0.991591394
1341846651.186391 0.180463001 -0.053083375 0.078153059 -0.037747119 -0.116089009 -0.013233571 0.992433071
1341846651.218036 0.169972867 -0.059833404 0.063914791 -0.040178444 -0.110036254 -0.013525295 0.993023038
1341846651.254031 0.158735186 -0.062128477 0.062200405 -0.041133333 -0.104404844 -0.012658502 0.993603289
1341846651.286406 0.142856017 -0.060798027 0.054344360 -0.042634003 -0.098431922 -0.014544375 0.994123697
1341846651.318309 0.128835171 -0.062470272 0.055443235 -0.044453748 -0.093236230 -0.016547685 0.994513452
1341846651.354135 0.116258331 -0.057924952 0.060493924 -0.042294785 -0.086620241 -0.020882830 0.995124102
1341846651.386180 0.100190364 -0.064929031 0.054736190 -0.043032721 -0.078270242 -0.018650556 0.995828331
1341846651.422237 0.083500296 -0.059806842 0.055195462 -0.041952763 -0.074623510 -0.020364704 0.996120751
1341846651.492135 0.052975155 -0.055604924 0.055094775 -0.044248968 -0.065072797 -0.029096054 0.996474266
1341846651.560316 0.029868869 -0.062496115 0.048346870 -0.041671928 -0.046542335 -0.028821575 0.997630477
1341846651.622176 0.011142737 -0.062314995 0.042982191 -0.032726917 -0.035872053 -0.030887337 0.998342693
1341846651.654223 0.000084701 -0.065401815 0.029404620 -0.030195447 -0.031716879 -0.027946170 0.998649716
1341846651.690127 -0.007440097 -0.070787072 0.019211508 -0.026785115 -0.029176062 -0.025237005 0.998896599
1341846651.722318 -0.014096911 -0.074288234 0.009649496 -0.023780139 -0.025586734 -0.022435317 0.999137878
1341846651.754212 -0.034256179 -0.062734000 0.000176495 -0.020501262 -0.020013576 -0.021333443 0.999361813
1341846651.790200 -0.052740980 -0.054266438 -0.015144209 -0.020665608 -0.012956806 -0.024320338 0.999406636
1341846651.822233 -0.058124926 -0.070628352 -0.011053176 -0.022895440 -0.007840090 -0.021671725 0.999472201
1341846651.858213 -0.071889147 -0.073761463 -0.019350341 -0.014552335 -0.002235546 -0.015527405 0.999771059
1341846651.890237 -0.089955442 -0.068316303 -0.030740280 -0.006401076 0.004678861 -0.014399314 0.999864876
1341846651.922186 -0.094519846 -0.061236575 -0.033348318 -0.004244447 0.008457408 -0.012059143 0.999882519
1341846651.958047 -0.102694303 -0.075795479 -0.040394686 -0.004177480 0.011028296 -0.007785161 0.999900162
1341846651.990020 -0.111503944 -0.076500244 -0.042683937 0.002591281 0.016488779 -0.004701301 0.999849677
1341846652.022081 -0.138035193 -0.064286686 -0.044791587 0.010323434 0.023466403 -0.001543580 0.999670148
1341846652.058058 -0.146409392 -0.054075096 -0.055282477 0.011712230 0.024734199 0.000331039 0.999625385
1341846652.090106 -0.156244501 -0.048770715 -0.056500182 0.010171401 0.027394086 -0.000696185 0.999572754
1341846652.126257 -0.161321998 -0.050542127 -0.059460241 0.007590385 0.031020159 -0.000862670 0.999489605
1341846652.158232 -0.186444029 -0.051347278 -0.054080050 0.006045893 0.035498776 -0.000810384 0.999351084
1341846652.190049 -0.193993047 -0.051992211 -0.057180218 0.005629497 0.037410475 -0.002978948 0.999279678
1341846652.225981 -0.189628631 -0.060956959 -0.068464458 0.005816109 0.042702392 -0.003605897 0.999064386
1341846652.258089 -0.213399649 -0.059196711 -0.048458360 0.007662687 0.051643461 0.002112159 0.998633921
1341846652.290189 -0.245918214 -0.064529970 -0.041772526 0.010812285 0.055195838 0.003267153 0.998411655
1341846652.326148 -0.250433773 -0.068539932 -0.050459191 0.017397348 0.056970041 0.005744632 0.998207748
1341846652.358184 -0.261851609 -0.056277517 -0.052712075 0.021637591 0.061247140 0.005476594 0.997873008
1341846652.394279 -0.275911778 -0.061537564 -0.056976862 0.021563210 0.063816667 0.006031984 0.997710407
1341846652.426287 -0.287553072 -0.064204067 -0.055215273 0.023082275 0.066680856 0.004095780 0.997498930
1341846652.458277 -0.304066449 -0.059910782 -0.049492370 0.026546987 0.071611650 0.003729877 0.997072279
1341846652.494100 -0.314722419 -0.059545588 -0.052942365 0.029178612 0.074622475 0.004460462 0.996774912
1341846652.526469 -0.320562094 -0.054103203 -0.059017215 0.029279381 0.078447178 0.003335998 0.996482611
1341846652.562089 -0.325964332 -0.070995480 -0.077787876 0.027476450 0.085192837 0.002188453 0.995983124
1341846652.594254 -0.346019119 -0.071235202 -0.080179453 0.029522376 0.098675527 -0.000135407 0.994681597
1341846652.626356 -0.356380761 -0.073468402 -0.064137258 0.030921187 0.111629672 -0.000183949 0.993268609
1341846652.662152 -0.341030687 -0.069832869 -0.080108210 0.032554138 0.124777101 -0.000297570 0.991650522
1341846652.694113 -0.321552634 -0.077170238 -0.099866122 0.030135350 0.146847561 -0.003985681 0.988691926
1341846652.726378 -0.305819064 -0.073702864 -0.086779594 0.033061992 0.173513383 -0.003985501 0.984268308
1341846652.762129 -0.345739365 -0.070370309 -0.081191547 0.032805793 0.205118820 -0.006890994 0.978162885
1341846652.794152 -0.368025929 -0.074034050 -0.078581929 0.029855363 0.239528358 -0.007869382 0.970398307
1341846652.830250 -0.378404677 -0.068991639 -0.048588425 0.029278982 0.271776527 -0.012841735 0.961829185
1341846652.862014 -0.369253427 -0.061704364 -0.040466726 0.029344939 0.288241506 -0.009332617 0.957062483
1341846652.894426 -0.381067783 -0.068376109 -0.045928881 0.027294073 0.306353152 -0.007123993 0.951499879
1341846652.930346 -0.371406168 -0.071207099 -0.015451880 0.029157270 0.325595975 -0.005678007 0.945042253
1341846652.962213 -0.376525879 -0.058160450 -0.031170804 0.029476944 0.340244859 -0.005156197 0.939860642
1341846653.030292 -0.364342660 -0.060421485 0.013286944 0.023781590 0.371233642 -0.004479317 0.928224087
1341846653.062672 -0.344114155 -0.050333645 0.020839399 0.028905580 0.383650094 0.000792198 0.923025727
1341846653.099024 -0.354978442 -0.044264238 0.049772646 0.026641591 0.401274294 -0.006580122 0.915546775
1341846653.130475 -0.367370248 -0.048422948 0.064704224 0.022672581 0.420286149 -0.008042327 0.907072663
1341846653.162620 -0.378180772 -0.056393631 0.058847889 0.022099629 0.435186714 -0.005167489 0.900054097
1341846653.198437 -0.383235008 -0.058165554 0.058337022 0.022679180 0.446583837 -0.001400988 0.894453228
1341846653.230042 -0.363501728 -0.056427971 0.077642821 0.024653396 0.458479524 0.001840975 0.888361037
1341846653.298380 -0.384832680 -0.058088459 0.057525329 0.023354542 0.483846784 0.006048410 0.874820113
1341846653.330162 -0.382408053 -0.059099182 0.057631370 0.023113644 0.495174617 0.008975619 0.868439555
1341846653.366319 -0.387914389 -0.057193823 0.056078654 0.021986568 0.504732549 0.012007235 0.862912178
1341846653.398226 -0.382692665 -0.059071492 0.057536736 0.021772338 0.513864398 0.014750767 0.857468188
1341846653.430060 -0.396910757 -0.052388698 0.053304676 0.026401667 0.520296335 0.017626625 0.853395581
1341846653.466341 -0.399719864 -0.051226594 0.051963307 0.027398704 0.525806487 0.015416740 0.850023031
1341846653.498194 -0.405598342 -0.055205710 0.053335853 0.026263034 0.530312181 0.014001053 0.847279847
1341846653.530205 -0.413118690 -0.056215119 0.052001622 0.027057780 0.532410979 0.012428952 0.845962107
1341846653.566601 -0.418413371 -0.047544118 0.037509512 0.029177964 0.532498300 0.010031446 0.845868528
1341846653.598213 -0.419872224 -0.047282070 0.034325708 0.028193608 0.532793224 0.010266928 0.845713377
1341846653.634793 -0.405624121 -0.049968541 0.042385314 0.027363898 0.532211602 0.011129277 0.846095860
1341846653.666143 -0.421298742 -0.045127060 0.031249112 0.027945625 0.529998541 0.010723457 0.847470105
1341846653.698738 -0.431528956 -0.038713131 0.000535005 0.027575508 0.524069905 0.012120309 0.851142466
1341846653.734313 -0.431945980 -0.058647733 -0.031895701 0.023436559 0.516253531 0.015098851 0.855981946
1341846653.766275 -0.410465062 -0.045126341 -0.022767089 0.022345336 0.514375448 0.014230041 0.857155800
1341846653.802358 -0.410084605 -0.046886723 -0.025584880 0.021160759 0.508296192 0.015849410 0.860776424
1341846653.834226 -0.409795642 -0.046427995 -0.025195774 0.020788690 0.498984247 0.017441651 0.866186082
1341846653.866214 -0.410453767 -0.046753496 -0.024533207 0.020414775 0.492881417 0.018019384 0.869670331
1341846653.902170 -0.412335128 -0.046402059 -0.026818270 0.018161159 0.485257566 0.018730678 0.873981953
1341846653.934160 -0.409009099 -0.046853039 -0.025282547 0.016085492 0.476811230 0.018055029 0.878673077
1341846653.966155 -0.408203930 -0.047338966 -0.024240522 0.013966721 0.469867766 0.017077960 0.882461071
1341846654.002169 -0.408651888 -0.047578517 -0.024258554 0.010522095 0.461165577 0.017351614 0.887082040
1341846654.034140 -0.417552650 -0.033068694 -0.032558866 0.009063540 0.452633560 0.017321371 0.891482294
1341846654.070172 -0.413566768 -0.032459050 -0.031677041 0.011534778 0.441484034 0.019015897 0.896993399
1341846654.102438 -0.400206208 -0.036541350 -0.019470574 0.016252784 0.430878490 0.021159166 0.902015448
1341846654.134349 -0.406004280 -0.038373761 -0.007950109 0.020366136 0.421363890 0.021845600 0.906399727
1341846654.170244 -0.426395833 -0.035667192 0.002584425 0.023403451 0.411272943 0.021726925 0.910952687
1341846654.202087 -0.425108165 -0.067265846 0.034316506 0.019171843 0.401305169 0.018758578 0.915551603
1341846654.234434 -0.417954445 -0.066086277 0.042918883 0.020984039 0.392464846 0.016044065 0.919387639
1341846654.270041 -0.446414709 -0.064979948 0.039424006 0.021774206 0.384999514 0.016741155 0.922508001
1341846654.302117 -0.435983926 -0.059974317 0.064348370 0.021410875 0.369197607 0.010715490 0.929042459
1341846654.338026 -0.403132349 -0.053661354 0.048055969 0.021109160 0.356638223 0.009594926 0.933954775
1341846654.369979 -0.425101042 -0.059229583 0.063405566 0.020578790 0.349212408 0.011803363 0.936743200
1341846654.402172 -0.458082706 -0.061707307 0.086830750 0.021870343 0.333379894 0.010933271 0.942475438
1341846654.438133 -0.400727600 -0.043260317 0.067543246 0.022079436 0.312188417 0.008681214 0.949723959
1341846654.470186 -0.396454215 -0.054497890 0.074400015 0.018107735 0.303571403 0.009482361 0.952589393
1341846654.502267 -0.431166649 -0.056730714 0.099709272 0.017383004 0.288223952 0.006701737 0.957381785
1341846654.539064 -0.364917666 -0.050761424 0.050293926 0.019494997 0.262128294 0.009724705 0.964787066
1341846654.570053 -0.359119147 -0.053849772 0.044668254 0.015783284 0.257073045 0.007084922 0.966237068
1341846654.606030 -0.382694185 -0.064073302 0.050979581 0.013991863 0.244405001 0.004426007 0.969562173
1341846654.637980 -0.343160331 -0.071523897 0.027098240 0.017492207 0.219139174 0.007051087 0.975511312
1341846654.670155 -0.332235694 -0.067908362 0.013259513 0.020783242 0.211929157 0.007378432 0.977036178
1341846654.706022 -0.346033484 -0.059202142 0.047430392 0.023783630 0.201678723 0.005722943 0.979146183
1341846654.738497 -0.319062620 -0.069670640 0.005975887 0.028126899 0.177932262 0.011277959 0.983576000
1341846654.774056 -0.306578159 -0.058948182 -0.012935873 0.030527662 0.169422939 0.013062932 0.984983921
1341846654.806040 -0.295221686 -0.049304493 0.009491737 0.029542752 0.158441007 0.012980436 0.986841023
1341846654.838060 -0.293967754 -0.052682947 0.000427823 0.029505389 0.141831383 0.013946285 0.989352703
1341846654.874136 -0.277218819 -0.046380054 -0.023835493 0.028775286 0.127263635 0.013191894 0.991363645
1341846654.906209 -0.256850123 -0.046737127 -0.019648720 0.024821773 0.114522301 0.013042496 0.993024886
1341846654.938214 -0.292237282 -0.064054489 0.002570034 0.024642039 0.103142440 0.013444157 0.994270444
1341846654.974334 -0.270569950 -0.066402949 -0.024048628 0.028974459 0.083229244 0.016470524 0.995972931
1341846655.006124 -0.246119305 -0.045757461 -0.028071282 0.031314362 0.068561830 0.017816778 0.996996105
1341846655.042239 -0.263729632 -0.046660095 -0.012902215 0.029564502 0.054518364 0.016466074 0.997939169
1341846655.074179 -0.249938712 -0.044020418 -0.020134363 0.032905515 0.031134348 0.019278720 0.998787344
1341846655.106132 -0.221462876 -0.047196835 -0.038610380 0.032965299 0.013665507 0.018970061 0.999183059
1341846655.142070 -0.254677624 -0.031397998 -0.028850781 0.034301735 0.000640298 0.017444398 0.999259055
1341846655.174000 -0.213569090 -0.025932729 -0.039898951 0.033478312 -0.029697439 0.015530447 0.998877406
1341846655.206124 -0.208193168 -0.039989520 -0.042422254 0.028428944 -0.039260831 0.009985329 0.998774588
1341846655.242079 -0.185500190 -0.058386963 -0.062157698 0.028574970 -0.055868682 0.015371480 0.997910798
1341846655.274211 -0.153476208 -0.059734002 -0.070629850 0.031675078 -0.066291168 0.018805172 0.997120142
1341846655.310175 -0.148992017 -0.072085142 -0.068518274 0.035435449 -0.067524083 0.022737769 0.996828914
1341846655.342236 -0.142026976 -0.058224197 -0.065749772 0.045215089 -0.073735990 0.028659921 0.995839953
1341846655.374134 -0.122152627 -0.051574357 -0.077966817 0.048111182 -0.078020968 0.030731173 0.995315850
1341846655.410207 -0.122790486 -0.060685381 -0.082798243 0.049059331 -0.078132845 0.033530343 0.995170414
1341846655.442262 -0.141338333 -0.059476461 -0.051764295 0.053793967 -0.084449708 0.032107759 0.994456410
1341846655.474205 -0.134070426 -0.042401712 -0.068671495 0.056399353 -0.095766030 0.030132664 0.993347943
1341846655.510277 -0.128282413 -0.035212316 -0.069158882 0.053386908 -0.106792957 0.029782664 0.992400229
1341846655.542135 -0.122162126 -0.038090941 -0.080323994 0.048872110 -0.114869162 0.030139687 0.991719842
1341846655.578132 -0.113194585 -0.046959069 -0.085036226 0.045431357 -0.123494111 0.031107226 0.990816593
1341846655.642348 -0.105198763 -0.047659297 -0.085261762 0.039033063 -0.143791601 0.029956909 0.988384068
1341846655.678110 -0.108495504 -0.048862863 -0.086169682 0.038688131 -0.153816864 0.027985232 0.986944973
1341846655.710074 -0.105526507 -0.042691022 -0.092159830 0.040784817 -0.164529696 0.029997453 0.985071957
1341846655.748050 -0.089444436 -0.033886030 -0.088040240 0.038412292 -0.177234024 0.029723609 0.982969522
1341846655.810222 -0.094881810 -0.041834738 -0.089245237 0.034462478 -0.194356129 0.032302450 0.979793191
1341846655.846257 -0.077093348 -0.031440627 -0.105831854 0.033475768 -0.206374213 0.032166813 0.977371156
1341846655.910355 -0.072623134 -0.043439813 -0.121767707 0.025961850 -0.224670351 0.031130766 0.973591328
1341846655.946240 -0.073956050 -0.032664880 -0.116084263 0.025784155 -0.234630048 0.028563865 0.971322834
1341846655.978412 -0.060448363 -0.024194596 -0.096545614 0.023663262 -0.242805690 0.028910872 0.969355226
1341846656.014188 -0.050401777 -0.025877396 -0.096345447 0.020821486 -0.246624067 0.029662307 0.968433380
1341846656.046211 -0.049903937 -0.030455196 -0.095403261 0.018522546 -0.249650672 0.031369172 0.967650473
1341846656.078165 -0.045147348 -0.030546270 -0.102951825 0.018154260 -0.254124582 0.032348581 0.966459870
1341846656.114220 -0.044990219 -0.021869997 -0.102305770 0.017215727 -0.258458197 0.031733178 0.965347588
1341846656.146158 -0.040258847 -0.024821870 -0.089966804 0.014842787 -0.265480220 0.030638810 0.963514984
1341846656.178154 -0.037580617 -0.028214607 -0.105124250 0.014653569 -0.270971537 0.031871300 0.961947978
1341846656.214132 -0.033255320 -0.027907133 -0.107906274 0.014375928 -0.276498199 0.030819844 0.960412562
1341846656.246093 -0.027623409 -0.027053282 -0.098720394 0.015111401 -0.280687779 0.031854849 0.959151328
1341846656.282181 -0.028071648 -0.020254683 -0.099044472 0.015313537 -0.283142775 0.031990543 0.958421767
1341846656.314258 -0.027864520 -0.025215046 -0.113510817 0.013196690 -0.287037998 0.029625073 0.957370043
1341846656.346094 -0.018924119 -0.016422417 -0.129152417 0.012670969 -0.291362911 0.027453536 0.956134617
1341846656.382222 -0.022532143 -0.023073789 -0.135453820 0.009288149 -0.294390291 0.026097389 0.955283761
1341846656.414253 -0.035988253 -0.021243732 -0.127659664 0.011051030 -0.303196818 0.027259013 0.952473938
1341846656.446177 -0.018130491 -0.011090838 -0.137442544 0.009580020 -0.312554568 0.026457988 0.949482918
1341846656.482260 -0.021250945 -0.020355826 -0.133814350 0.003400876 -0.317981988 0.026194731 0.947728693
1341846656.519461 -0.013645741 -0.024724454 -0.137532592 0.003386627 -0.325883001 0.026312377 0.945037782
1341846656.582247 -0.008684901 -0.014933567 -0.142698616 -0.000933942 -0.331342161 0.025409542 0.943167984
1341846656.614195 -0.008768136 -0.018638887 -0.145507947 -0.002624077 -0.333778054 0.026150705 0.942285240
1341846656.649995 -0.001678625 -0.020870376 -0.140118495 -0.003092394 -0.335816562 0.026383804 0.941552758
1341846656.682076 -0.012118634 -0.023702012 -0.148841515 -0.004024613 -0.338417619 0.026255051 0.940621078
1341846656.714216 -0.005867540 -0.018802220 -0.150193200 -0.004788181 -0.342803508 0.026488246 0.939021409
1341846656.749974 0.000371416 -0.014678823 -0.132491618 -0.007200235 -0.346162111 0.026808927 0.937763929
1341846656.782653 0.000805145 -0.023290031 -0.131899372 -0.008317714 -0.348065048 0.027938396 0.937017083
1341846656.824388 -0.004190139 -0.016808400 -0.143384174 -0.007714050 -0.349799305 0.027642909 0.936384976
1341846656.856226 0.002925241 -0.004835322 -0.123155586 -0.009605772 -0.352529585 0.026908498 0.935364366
1341846656.892050 0.001447469 -0.010379536 -0.115513511 -0.012026417 -0.350280255 0.027282454 0.936170280
1341846656.924099 0.002392675 -0.009483427 -0.118958458 -0.011956432 -0.349243611 0.026957460 0.936567783
1341846656.956112 0.004870955 0.000318531 -0.107094787 -0.012351208 -0.344516307 0.025369350 0.938356221
1341846656.992122 0.006627192 -0.006089314 -0.098845370 -0.014849644 -0.338617533 0.026723133 0.940427303
1341846657.024108 0.003238440 -0.007110557 -0.106136084 -0.014708042 -0.334918439 0.027208803 0.941739321
1341846657.056121 0.017117145 -0.005493706 -0.078129664 -0.015691161 -0.332150340 0.029747650 0.942626655
1341846657.092006 -0.002086871 -0.010288670 -0.061750818 -0.012795955 -0.319653302 0.033630870 0.946851134
1341846657.124027 0.000845739 -0.009252341 -0.074001566 -0.005780157 -0.308383882 0.036467634 0.950545132
1341846657.155973 0.001237527 -0.007839785 -0.088692300 -0.001188689 -0.296863616 0.036912013 0.954205513
1341846657.192094 -0.007503636 -0.010262981 -0.092699736 0.000796101 -0.279537767 0.033819750 0.959538579
1341846657.224195 0.008173918 -0.014110896 -0.081956282 0.002342732 -0.271824270 0.031873997 0.961816072
1341846657.292164 -0.000399766 -0.010617875 -0.086630218 0.004863363 -0.250027299 0.027006350 0.967849851
1341846657.354367 0.025390936 -0.011618298 -0.087721132 0.003457268 -0.235444590 0.025383959 0.971550047
1341846657.386193 0.032164693 -0.022924850 -0.082846917 0.001831070 -0.225969702 0.024626702 0.973821282
1341846657.418105 0.039338153 -0.021837955 -0.086019620 0.004831355 -0.215044245 0.024677893 0.976280510
1341846657.454277 0.048266582 -0.018371416 -0.077606373 0.006452699 -0.206523553 0.023396956 0.978140593
1341846657.486117 0.056832410 -0.020045748 -0.075019240 0.007078116 -0.196197435 0.023329316 0.980261326
1341846657.522092 0.060448356 -0.025259020 -0.077628560 0.009553612 -0.182154551 0.020855930 0.983002245
1341846657.554062 0.038971249 -0.016962506 -0.055887118 0.013664562 -0.171581477 0.021300748 0.984844863
1341846657.586078 0.076415904 -0.002049323 -0.029353991 0.015117114 -0.165863603 0.020658020 0.985816419
1341846657.622205 0.047131296 -0.020351969 -0.053793851 0.013049584 -0.146974161 0.015858788 0.988927066
1341846657.654161 0.041093633 -0.020154240 -0.056087706 0.014860351 -0.139429078 0.016009044 0.989991128
1341846657.686517 0.096867882 -0.017280232 -0.031654507 0.015491447 -0.134454966 0.014215685 0.990696609
1341846657.722061 0.062354174 -0.031072183 -0.053563595 0.015372109 -0.116965592 0.012333389 0.992940366
1341846657.754104 0.052170575 -0.014748729 -0.038774077 0.017598636 -0.106552690 0.010450353 0.994096339
1341846657.790066 0.078767769 -0.021312345 -0.061290324 0.012586938 -0.099199064 0.007924674 0.994956434
1341846657.822089 0.050276745 -0.033971019 -0.030372234 0.011001703 -0.075316601 0.002745522 0.997095227
1341846657.853972 0.062115744 -0.029211124 -0.030589268 0.015714915 -0.067958891 0.008100313 0.997531474
1341846657.889993 0.099728286 -0.033106867 -0.039457772 0.013593173 -0.060004946 0.009686978 0.998058558
1341846657.922046 0.083081059 -0.047051869 -0.022778057 0.012515745 -0.042824108 0.008787712 0.998965621
1341846657.954192 0.054555167 -0.022803245 -0.024507698 0.016350521 -0.031200478 0.009432839 0.999334872
1341846657.990141 0.083586290 -0.031472098 -0.012184941 0.011736416 -0.023753919 0.011430371 0.999583602
1341846658.022419 0.055056520 -0.048994776 0.003934042 0.011492644 -0.011090497 0.012042888 0.999799967
1341846658.090215 0.059777267 -0.028976051 -0.013577813 0.015131863 0.002419823 0.009423424 0.999838173
1341846658.122355 0.033848967 -0.025752345 0.001252610 0.014245176 0.012500524 0.008844869 0.999781251
1341846658.158136 0.033017889 -0.023495423 0.002534454 0.012628847 0.016325172 0.009106467 0.999745488
1341846658.190098 0.047666702 -0.025718128 -0.003341959 0.010425564 0.020284802 0.008640000 0.999702573
1341846658.226027 0.029719612 -0.038933598 0.014305313 0.010031251 0.028543489 0.007184733 0.999516368
1341846658.258133 0.022810061 -0.029707089 0.012449902 0.013177572 0.031426162 0.005993400 0.999401271
1341846658.290020 0.031756029 -0.034332931 0.009091449 0.011570953 0.034735028 0.001897281 0.999327779
1341846658.326239 0.018037248 -0.036861822 0.012381142 0.011687935 0.039911177 -0.001733038 0.999133408
1341846658.358248 0.010004833 -0.017525258 0.007900363 0.010894823 0.040913690 -0.004753001 0.999091983
1341846658.390215 0.015194330 -0.023969788 0.013975951 0.004290598 0.039665475 -0.008295287 0.999169350
1341846658.426300 0.013291851 -0.040574294 0.016629731 0.000628520 0.043640602 -0.009954776 0.998997509
1341846658.458168 -0.004139268 -0.045978066 0.011113650 0.001624297 0.043349419 -0.008546749 0.999022126
1341846658.494176 -0.003817766 -0.028677899 0.003247348 0.001486933 0.039013833 -0.006285630 0.999217808
1341846658.526214 0.006188029 -0.014365586 0.011902569 -0.007503434 0.035661366 -0.005310112 0.999321640
1341846658.558129 -0.003985567 -0.008658743 0.014192254 -0.016389953 0.034369029 -0.003965149 0.999266922
1341846658.594206 -0.003603761 0.012828732 0.016474156 -0.036606446 0.029443763 -0.004196212 0.998887122
1341846658.626105 -0.019433562 -0.018886399 0.021664131 -0.060901877 0.026321806 -0.005510879 0.997781396
1341846658.658181 -0.010083731 -0.016239144 0.022654951 -0.065106824 0.020749636 -0.003486930 0.997656465
1341846658.694141 -0.004137893 -0.000539447 0.013090068 -0.072071172 0.019580564 -0.005771834 0.997190595
1341846658.726153 -0.028789388 -0.017743504 0.013158848 -0.090524293 0.020373465 -0.003566987 0.995679438
1341846658.762100 -0.008017754 -0.037528660 0.022225156 -0.096823610 0.009735839 -0.002501754 0.995250821
1341846658.794185 0.012756619 -0.033753220 0.002146316 -0.100244246 0.006151332 0.000802800 0.994943559
1341846658.826155 -0.013935811 -0.019888194 0.007670193 -0.109655917 0.013191995 -0.001826794 0.993880391
1341846658.862197 -0.021342002 -0.036708958 0.019828381 -0.117533170 0.011356181 -0.000656522 0.993003845
1341846658.894170 0.006566751 -0.032529052 0.002246645 -0.118803844 0.007760341 0.003300288 0.992881954
1341846658.962404 -0.033462439 -0.042171452 0.019047698 -0.136563942 0.019944295 0.003750551 0.990423381
1341846658.994217 -0.006514141 -0.045849662 0.023796869 -0.138399318 0.012611065 0.004881749 0.990284204
1341846659.030070 -0.000876162 -0.053529985 0.022615682 -0.137643903 0.013076053 0.002228824 0.990392983
1341846659.062007 -0.006930913 -0.056102246 0.024049934 -0.133811012 0.013146268 0.002415672 0.990916729
1341846659.094100 -0.008867158 -0.051528610 0.016602969 -0.131625518 0.012520677 0.002038741 0.991218328
1341846659.130368 -0.008356670 -0.055506323 0.010085723 -0.133764982 0.015788751 0.000342409 0.990887225
1341846659.162537 -0.014449191 -0.051728245 0.024164356 -0.130022302 0.017584104 -0.000178603 0.991355121
1341846659.198696 -0.003851877 -0.050587203 0.012687817 -0.127049714 0.013873008 0.001001632 0.991798818
1341846659.231286 0.002073145 -0.057743333 0.004190001 -0.129748493 0.017941931 0.000077166 0.991384625
1341846659.263549 -0.010245781 -0.056687459 0.017347142 -0.129684553 0.021278778 0.002015064 0.991324902
1341846659.298797 -0.006443325 -0.052774854 0.014489354 -0.129241064 0.018905561 0.003022493 0.991428375
1341846659.331074 0.002014725 -0.055237688 0.011750662 -0.131364822 0.019609809 0.002117395 0.991137862
1341846659.362420 0.001080989 -0.059179377 0.016955391 -0.132057250 0.021789184 0.004278186 0.990993381
1341846659.398303 -0.001807545 -0.052743480 0.019655308 -0.128170073 0.021412371 0.006119324 0.991502166
1341846659.430262 0.004302728 -0.064562157 0.008700260 -0.130310237 0.019908993 0.006000837 0.991255224
1341846659.466583 0.004383460 -0.057603579 0.013527073 -0.130117297 0.023122460 0.005655739 0.991212845
1341846659.498531 -0.005985813 -0.058166329 0.016800502 -0.128094062 0.024162168 0.006460298 0.991446614
1341846659.530267 0.007726188 -0.053939145 0.013932521 -0.125419557 0.020264801 0.006686793 0.991874278
1341846659.566571 0.005415111 -0.063380197 0.005594725 -0.126513854 0.024064615 0.006487445 0.991651714
1341846659.598122 -0.007478717 -0.058289140 0.015545898 -0.123890400 0.028312042 0.006323836 0.991871774
1341846659.630209 -0.009233415 -0.066583037 0.012894301 -0.122613728 0.025657447 0.008076233 0.992089927
1341846659.666409 0.005683851 -0.054925796 0.004735317 -0.121071003 0.023075672 0.006084636 0.992356956
1341846659.698237 -0.007827151 -0.049550690 0.012666649 -0.120427668 0.025909223 0.004539090 0.992373586
1341846659.734169 -0.017684123 -0.048718497 0.006817594 -0.119220510 0.021755874 0.004592548 0.992618799
1341846659.766421 0.004759688 -0.052785959 0.007227666 -0.120685361 0.015012094 0.001335102 0.992576420
1341846659.798087 -0.008277958 -0.056470919 0.009356694 -0.121015713 0.017910544 0.000969285 0.992488563
1341846659.834075 -0.016592195 -0.067475192 0.015013744 -0.121556900 0.016287157 0.001905547 0.992448986
1341846659.866481 -0.008880134 -0.060429063 0.010261992 -0.119664326 0.010611770 0.002034624 0.992755651
1341846659.898128 -0.005669230 -0.059371993 0.009095072 -0.118991099 0.008740467 0.002260723 0.992854297
1341846659.934286 -0.013631728 -0.058623530 0.012677843 -0.115546718 0.008048244 0.002970302 0.993265033
1341846659.966354 -0.020376272 -0.052520484 0.010330873 -0.112300232 0.004911269 0.003632901 0.993655562
1341846660.002267 -0.015658259 -0.054130577 0.004038465 -0.111797079 0.002886243 0.001207037 0.993726134
1341846660.034581 -0.013344227 -0.059031725 0.009784994 -0.110713653 0.001843872 0.000280517 0.993850589
1341846660.066206 -0.022926901 -0.069869868 0.006762776 -0.108591527 -0.001602439 0.000127744 0.994085133
1341846660.102245 -0.013358845 -0.068840869 -0.001768946 -0.104761139 -0.006210469 -0.000522360 0.994477868
1341846660.140244 -0.010965082 -0.057998944 -0.000131268 -0.102059789 -0.005922786 -0.002121900 0.994758368
1341846660.202316 -0.015964014 -0.064795032 0.002017697 -0.098484434 -0.012075515 -0.002046001 0.995063245
1341846660.234105 -0.019482385 -0.068679370 0.000290272 -0.096188977 -0.010508216 -0.003044262 0.995302975
1341846660.270168 -0.039828479 -0.092493229 -0.001840312 -0.093591668 -0.007457541 -0.003969977 0.995574832
1341846660.302258 -0.046709083 -0.098127678 -0.003537393 -0.080728002 -0.011280887 -0.005069051 0.996659458
1341846660.334349 -0.034198914 -0.079564899 -0.007028020 -0.065538831 -0.013638752 -0.005895038 0.997739434
1341846660.370214 -0.039886069 -0.075701624 -0.003735753 -0.060642965 -0.011897637 -0.006548461 0.998067141
1341846660.401986 -0.048990436 -0.062559128 -0.010612979 -0.058281254 -0.012831579 -0.007397339 0.998190343
1341846660.438062 -0.036776554 -0.071876124 -0.004949886 -0.059131671 -0.015849814 -0.007955818 0.998092651
1341846660.470191 -0.039257850 -0.077769384 -0.002486676 -0.057187442 -0.015372546 -0.007595544 0.998216212
1341846660.502233 -0.040273152 -0.069709525 -0.004538654 -0.053937346 -0.017631538 -0.006059463 0.998370230
1341846660.537985 -0.030679947 -0.064516217 -0.008338308 -0.053576075 -0.019225163 -0.005858741 0.998361468
1341846660.570279 -0.026034396 -0.083531499 -0.000710786 -0.055710059 -0.019166425 -0.003604764 0.998256505
1341846660.602130 -0.042270411 -0.081816323 -0.009934503 -0.050867725 -0.018878561 -0.000207396 0.998526931
1341846660.638256 -0.031876165 -0.062706314 -0.012837489 -0.047221344 -0.022327807 0.000053865 0.998634875
1341846660.670338 -0.013177315 -0.075900465 -0.010822286 -0.050462939 -0.021585839 0.000504404 0.998492539
1341846660.706457 -0.034357283 -0.084117934 -0.009913864 -0.045950174 -0.016929187 0.002438350 0.998797297
1341846660.738241 -0.029252006 -0.080160759 -0.012222616 -0.039303619 -0.019151079 0.006241560 0.999024272
1341846660.770121 -0.010616699 -0.077789180 -0.016024990 -0.037383910 -0.018242212 0.005601968 0.999118745
1341846660.806117 -0.014560354 -0.092161484 -0.013891349 -0.034650657 -0.013030056 0.006425908 0.999293923
1341846660.838338 -0.031188820 -0.089233533 -0.019367404 -0.024669202 -0.010967964 0.008202289 0.999601841
1341846660.870203 -0.006214369 -0.094013810 -0.022942426 -0.017846595 -0.013553881 0.008143527 0.999715745
1341846660.906366 -0.009196095 -0.097108275 -0.022029046 -0.013510897 -0.007312439 0.007352763 0.999854922
1341846660.938063 -0.028647622 -0.102825880 -0.017998494 -0.003933244 -0.003101826 0.007394384 0.999960124
1341846660.974147 -0.021448998 -0.092094429 -0.023698626 0.009907342 -0.004468170 0.009296170 0.999897718
1341846661.006234 -0.010230885 -0.087037295 -0.020841844 0.013249123 -0.002658375 0.009062350 0.999867618
1341846661.038225 -0.024191247 -0.101799682 -0.024690175 0.014689761 -0.000120289 0.009543842 0.999846578
1341846661.074059 -0.018223133 -0.107845411 -0.022432068 0.027072679 -0.003293627 0.011378033 0.999563277
1341846661.106184 -0.011382126 -0.083472610 -0.024293911 0.037391651 -0.002044283 0.010875266 0.999239445
1341846661.138209 -0.017232325 -0.074749261 -0.025328835 0.036437023 -0.000350144 0.010414911 0.999281645
1341846661.174244 -0.015762521 -0.091949359 -0.024276393 0.035363644 -0.000297400 0.009374255 0.999330521
1341846661.206205 -0.020417726 -0.088345863 -0.023295624 0.039217658 0.000736387 0.009579057 0.999184549
1341846661.242184 -0.021228192 -0.079608984 -0.022810180 0.041076791 0.000984266 0.009852623 0.999106944
1341846661.274177 -0.021275748 -0.073498674 -0.025631778 0.040330894 0.001804655 0.008369188 0.999149740
1341846661.308814 -0.024381937 -0.076956004 -0.021407288 0.038448673 0.001779689 0.008685321 0.999221265
1341846661.342489 -0.023204768 -0.072487108 -0.023960160 0.038524110 0.000799613 0.007725002 0.999227524
1341846661.374640 -0.019858187 -0.079120286 -0.022868933 0.036843572 0.000660483 0.006958357 0.999296606
1341846661.410178 -0.022419112 -0.092753597 -0.022984998 0.039535102 -0.001075826 0.009571443 0.999171793
1341846661.442211 -0.020041529 -0.077847682 -0.025161011 0.044778310 -0.002746055 0.008552647 0.998956561
1341846661.474354 -0.023069905 -0.073866822 -0.032105722 0.043922480 -0.001271764 0.006898672 0.999010324
1341846661.510169 -0.028690020 -0.068699084 -0.027280167 0.042601701 -0.002467057 0.007032655 0.999064386
1341846661.542767 -0.011166310 -0.060512137 -0.031296432 0.038246963 -0.005706940 0.005303722 0.999237955
1341846661.574217 -0.022154544 -0.084952749 -0.024308527 0.032901313 -0.003147948 0.003745765 0.999446630
1341846661.610041 -0.026099011 -0.080835648 -0.016777582 0.036815960 -0.006224724 0.005055833 0.999289870
1341846661.642253 -0.020860948 -0.070865504 -0.025492080 0.036557600 -0.007297877 0.003384474 0.999299169
1341846661.678078 -0.019739022 -0.079679243 -0.016089816 0.034524716 -0.007363263 0.005861315 0.999359548
1341846661.710142 -0.021691374 -0.091248542 -0.023433017 0.037394524 -0.009669740 0.007679097 0.999224305
1341846661.742341 -0.028355969 -0.110764980 -0.017487973 0.042232752 -0.009493301 0.003875365 0.999055147
1341846661.778063 -0.022889489 -0.100864127 -0.022594688 0.053191014 -0.009848367 0.003312264 0.998530269
1341846661.810103 -0.020081492 -0.100622408 -0.024222247 0.060171623 -0.009864953 0.002828551 0.998135328
1341846661.842216 -0.019358763 -0.099621497 -0.029815119 0.068079010 -0.010689122 0.002112909 0.997620404
1341846661.878157 -0.013065740 -0.088148579 -0.020141121 0.073865563 -0.009516896 -0.000066687 0.997222781
1341846661.910222 -0.026032213 -0.096773714 -0.036740191 0.073917642 -0.006165300 -0.001974117 0.997243345
1341846661.946090 -0.026285568 -0.098174751 -0.028510649 0.077329487 -0.005876209 -0.002360902 0.996985435
1341846662.010311 -0.026708504 -0.104441345 -0.019707981 0.092079595 -0.004570313 -0.004614614 0.995730460
1341846662.046195 -0.027754409 -0.106052987 -0.019215215 0.099963695 -0.006662233 -0.003623940 0.994962156
1341846662.078099 -0.026158562 -0.104112215 -0.022558009 0.106204234 -0.007100658 -0.004736647 0.994307697
1341846662.110672 -0.029560629 -0.110882454 -0.027840018 0.112055063 -0.004646068 -0.006349884 0.993670821
1341846662.146166 -0.028920976 -0.110696323 -0.033770990 0.119894385 -0.006435240 -0.004490370 0.992755651
1341846662.178168 -0.029692298 -0.107524805 -0.038575489 0.128019601 -0.006324455 -0.003119862 0.991746545
1341846662.214136 -0.028645344 -0.104884066 -0.040751766 0.140507951 -0.004462869 -0.001609578 0.990068197
1341846662.246167 -0.030935768 -0.104831345 -0.034887936 0.150342748 -0.006030369 0.001390539 0.988614559
1341846662.278007 -0.027043177 -0.102679148 -0.041252889 0.155024067 -0.005623659 0.000316187 0.987894595
1341846662.314144 -0.030056169 -0.103603251 -0.039993040 0.160322815 -0.003363241 -0.000322350 0.987058818
1341846662.346164 -0.030667771 -0.099924497 -0.036587134 0.165325895 -0.005380206 0.000120260 0.986224294
1341846662.378069 -0.030292392 -0.105168417 -0.039451700 0.171117589 -0.004800723 0.001144399 0.985238254
1341846662.414229 -0.032024588 -0.109501973 -0.040760592 0.178048462 -0.003494879 0.001594366 0.984014213
1341846662.446102 -0.037560433 -0.109321475 -0.040432286 0.184225410 -0.004415353 0.002765896 0.982870221
1341846662.482229 -0.036648922 -0.107918523 -0.046725575 0.192168191 -0.005252356 0.003387378 0.981342077
1341846662.514117 -0.029332988 -0.108236343 -0.049834102 0.201176032 -0.004989205 0.004443764 0.979532301
1341846662.546261 -0.030163400 -0.109035797 -0.050406452 0.208837017 -0.004922724 0.005918627 0.977920175
1341846662.582101 -0.034364477 -0.098213889 -0.047007740 0.212481901 -0.003222730 0.003967784 0.977151632
1341846662.620264 -0.029171091 -0.109721266 -0.049878884 0.214898363 -0.002580322 0.006154987 0.976613581
1341846662.682024 -0.024918452 -0.100104429 -0.057046853 0.224040136 -0.003691814 0.003746570 0.974565744
1341846662.714075 -0.032664388 -0.107648686 -0.058038451 0.225422397 -0.002009184 0.003835253 0.974251509
1341846662.750127 -0.025652798 -0.106364623 -0.049836624 0.229974970 -0.004162728 0.008269907 0.973152518
1341846662.782002 -0.026898922 -0.099431857 -0.063916780 0.232571945 -0.004128649 0.006477023 0.972548842
1341846662.814097 -0.037431728 -0.095842950 -0.040262669 0.229955450 -0.004321796 0.005969077 0.973173261
1341846662.850193 -0.033400252 -0.110125147 -0.017553002 0.230599239 -0.005928681 0.007642320 0.973000765
1341846662.882162 -0.036306325 -0.104280397 -0.027903415 0.232927099 -0.006183045 0.006999869 0.972449362
1341846662.918191 -0.043198325 -0.102172986 -0.038066853 0.231679678 -0.006750348 0.006530737 0.972746789
1341846662.956034 -0.040798157 -0.108927205 -0.021673273 0.232010990 -0.006849805 0.005663498 0.972672582
1341846663.018208 -0.044686604 -0.098996498 -0.033244316 0.237290949 -0.010401183 0.007369601 0.971355021
1341846663.049994 -0.035756212 -0.098941684 -0.033017829 0.236493468 -0.010993765 0.005483886 0.971555412
1341846663.118078 -0.031431008 -0.085557789 -0.006944818 0.239999399 -0.011116871 0.003979949 0.970701218
1341846663.150227 -0.045262359 -0.102303199 -0.014238467 0.240091413 -0.009523228 0.002470980 0.970700443
1341846663.186300 -0.043729410 -0.095731698 -0.033448953 0.239638925 -0.008849610 0.001731947 0.970820189
1341846663.218442 -0.044506501 -0.084198892 -0.027689477 0.236234322 -0.008739128 0.000187065 0.971656799
1341846663.250380 -0.040700242 -0.092363276 -0.042467594 0.229598731 -0.008590257 -0.000402677 0.973247409
1341846663.286056 -0.044280618 -0.081381537 -0.037274610 0.225023955 -0.008161107 -0.000300561 0.974318981
1341846663.318060 -0.046478759 -0.063810587 -0.047459826 0.217453197 -0.008928008 0.000855995 0.976029575
1341846663.350114 -0.022252442 -0.083207138 -0.054647792 0.204897925 -0.011044990 0.002675362 0.978717327
1341846663.385985 -0.048698504 -0.084374756 -0.022305598 0.196700156 -0.010354671 0.002214835 0.980406523
1341846663.418056 -0.042496506 -0.088746130 -0.046363898 0.191258594 -0.012676305 0.003552845 0.981451392
1341846663.454044 -0.031272922 -0.082297035 -0.042106811 0.183861613 -0.014575250 0.004609123 0.982833266
1341846663.486091 -0.042259365 -0.072312281 -0.038327355 0.177621245 -0.014420777 0.004501849 0.983982921
1341846663.518394 -0.037413154 -0.073025703 -0.035474218 0.169748455 -0.016397413 0.007115483 0.985325336
1341846663.554251 -0.033589292 -0.076379970 -0.028866626 0.163229749 -0.016875429 0.006342545 0.986423373
1341846663.586143 -0.042047724 -0.068865918 -0.031469256 0.155783042 -0.016584709 0.008344120 0.987616777
1341846663.622145 -0.036901675 -0.078079380 -0.033605147 0.147582442 -0.018719260 0.008840034 0.988833070
1341846663.654099 -0.035588425 -0.077944703 -0.025369864 0.142251357 -0.019811278 0.006820650 0.989608765
1341846663.686099 -0.033659261 -0.049051136 -0.029994663 0.135308385 -0.020249838 0.006852414 0.990572870
1341846663.722109 -0.032434132 -0.077283964 -0.030198323 0.123815767 -0.020895779 0.007094321 0.992059827
1341846663.755694 -0.028700013 -0.076356463 -0.025729017 0.119409397 -0.020184366 0.006561305 0.992618203
1341846663.786304 -0.026456302 -0.034489650 -0.033316918 0.110960498 -0.018538505 0.002226796 0.993649364
1341846663.822090 -0.037061725 -0.041108664 -0.033747420 0.091538794 -0.016203968 0.003847080 0.995662212
1341846663.854115 -0.029220380 -0.070205189 -0.033833370 0.081543908 -0.016798593 0.003680604 0.996521354
1341846663.890140 -0.027556399 -0.014540684 -0.038467288 0.079425693 -0.014959058 0.001276029 0.996727765
1341846663.921987 -0.034124214 -0.020036981 -0.034066580 0.057261668 -0.012403616 -0.001323204 0.998281240
1341846663.954282 -0.026391117 -0.048325378 -0.037170947 0.038759217 -0.012879410 -0.001383983 0.999164641
1341846663.990370 -0.011314657 -0.043098096 -0.040814731 0.030577660 -0.012078959 -0.001629309 0.999458075
1341846664.022124 -0.026262632 -0.028439242 -0.038138129 0.018216645 -0.007583483 -0.003416987 0.999799430
1341846664.054171 -0.026121279 -0.031270217 -0.035257254 0.003817994 -0.006390936 -0.004763014 0.999960959
1341846664.090250 -0.031311914 -0.047815330 -0.029146368 -0.009098479 -0.004114302 -0.006062428 0.999931753
1341846664.122237 -0.036318954 -0.054273203 -0.027805299 -0.015201086 -0.002902381 -0.006016180 0.999862134
1341846664.158241 -0.036980722 -0.045692403 -0.032215975 -0.019744776 -0.003691753 -0.005789917 0.999781489
1341846664.190141 -0.025030725 -0.035596240 -0.037617754 -0.028057521 -0.005135642 -0.007567026 0.999564469
1341846664.222189 -0.035221756 -0.047771905 -0.030280422 -0.038270168 -0.002153487 -0.007375402 0.999237895
1341846664.258172 -0.033263393 -0.052125048 -0.028784094 -0.043334071 -0.002845867 -0.006560639 0.999035060
1341846664.290022 -0.024429571 -0.043337271 -0.036301009 -0.048410807 -0.002538182 -0.007336397 0.998797357
1341846664.322491 -0.032818895 -0.035179250 -0.028743435 -0.057350263 0.000879613 -0.009221260 0.998311162
1341846664.358302 -0.034654275 -0.039459012 -0.026916301 -0.066208012 0.000894286 -0.008336946 0.997770607
1341846664.390101 -0.030779839 -0.035263907 -0.027515311 -0.072879262 0.000118137 -0.010335424 0.997287214
1341846664.426143 -0.033571947 -0.034200177 -0.025919557 -0.081329063 0.001572034 -0.009845195 0.996637464
1341846664.458304 -0.034883887 -0.031710412 -0.028094200 -0.089106128 0.002410981 -0.009123845 0.995977402
1341846664.490116 -0.031686071 -0.033776581 -0.024829851 -0.099039480 0.003878978 -0.009862991 0.995027065
1341846664.526173 -0.038656659 -0.029089143 -0.022636503 -0.106290013 0.005889438 -0.010163850 0.994265795
1341846664.558129 -0.039964229 -0.020925231 -0.027058922 -0.112631463 0.005623702 -0.010361016 0.993566871
1341846664.590129 -0.026160730 -0.040183488 -0.026220221 -0.123511076 0.005654993 -0.009229719 0.992284179
1341846664.626196 -0.026901294 -0.051579408 -0.016118048 -0.128576577 0.007914480 -0.008759515 0.991629303
1341846664.658276 -0.028336594 -0.059264492 -0.015248276 -0.126954883 0.007312626 -0.007257557 0.991854966
1341846664.694136 -0.022167638 -0.041556593 -0.019748935 -0.122753389 0.006854588 -0.008011510 0.992381215
1341846664.726667 -0.023217445 -0.045389947 -0.021767687 -0.126800925 0.010561777 -0.009608769 0.991825402
1341846664.758141 -0.037956804 -0.037955087 -0.015322861 -0.126674473 0.012751645 -0.009164437 0.991820037
1341846664.794104 -0.025657520 -0.038034063 -0.019790424 -0.127685413 0.009085663 -0.009577906 0.991726875
1341846664.826123 -0.033094358 -0.032712288 -0.020922273 -0.129013449 0.011929038 -0.008622389 0.991533577
1341846664.862093 -0.032309934 -0.043169674 -0.018216699 -0.132492617 0.010549339 -0.006243323 0.991108179
1341846664.894198 -0.024587918 -0.043545920 -0.023274487 -0.133068860 0.008612982 -0.005732559 0.991052806
1341846664.926270 -0.025729399 -0.037187651 -0.026310839 -0.133359149 0.011960781 -0.006075078 0.990976989
1341846664.962375 -0.026541926 -0.031120457 -0.024599558 -0.134102955 0.012336476 -0.005629811 0.990874648
1341846664.997077 -0.029457739 -0.036625315 -0.026459189 -0.137704179 0.012854992 -0.006822485 0.990366518
1341846665.026380 -0.024674268 -0.041223880 -0.024841938 -0.141254365 0.013224111 -0.008323276 0.989850044
1341846665.062417 -0.034380276 -0.035284031 -0.023946114 -0.141302362 0.015169338 -0.007571200 0.989821315
1341846665.094077 -0.030594260 -0.022481339 -0.030165710 -0.141488656 0.013779164 -0.006963569 0.989819467
1341846665.130160 -0.027437309 -0.027895037 -0.030629830 -0.147718906 0.016473381 -0.006854606 0.988868415
1341846665.162114 -0.044842325 -0.039210454 -0.026433678 -0.153629676 0.019052682 -0.005539887 0.987929285
1341846665.194100 -0.034225419 -0.023579689 -0.028584374 -0.152706370 0.015770093 -0.005258704 0.988131821
1341846665.230221 -0.022330441 -0.011728193 -0.036590464 -0.156006724 0.016159626 -0.004380287 0.987614095
1341846665.262005 -0.049470328 -0.006482553 -0.033028856 -0.164790109 0.022571400 -0.006103978 0.986051500
1341846665.300077 -0.042391531 -0.023525687 -0.034313496 -0.176218495 0.020855222 -0.006165812 0.984110832
1341846665.362294 -0.035239048 -0.030229254 -0.029910572 -0.187103614 0.023984198 -0.007715008 0.982017040
1341846665.398079 -0.027897419 -0.013692982 -0.035004020 -0.187095925 0.019930296 -0.006389830 0.982118666
1341846665.430162 -0.048490547 -0.044015948 -0.046140160 -0.202884778 0.025724014 -0.009814318 0.978815496
1341846665.462226 -0.052578241 -0.050038289 -0.044427130 -0.215143904 0.030555876 -0.008772455 0.976064801
1341846665.498226 -0.082409844 -0.055556253 -0.043351330 -0.221182168 0.034084626 -0.009503873 0.974590361
1341846665.530109 -0.052000009 -0.056182984 -0.034125507 -0.222211555 0.027933059 -0.010124037 0.974545658
1341846665.562222 -0.055376213 -0.059933305 -0.033982597 -0.223674119 0.030428035 -0.008947710 0.974147856
1341846665.598196 -0.066526040 -0.057902206 -0.040017948 -0.224856347 0.031418730 -0.008111014 0.973851502
1341846665.630107 -0.050664142 -0.040091097 -0.046752550 -0.224833697 0.028786264 -0.008902173 0.973931134
1341846665.666289 -0.044425908 -0.058056958 -0.041553538 -0.232655063 0.030287081 -0.008413117 0.972051203
1341846665.698060 -0.060502723 -0.059272729 -0.044297379 -0.235909835 0.031889491 -0.008340787 0.971215785
1341846665.730361 -0.051049266 -0.048763182 -0.049263313 -0.236284718 0.029623860 -0.008593358 0.971194208
1341846665.766193 -0.047478668 -0.046130374 -0.050674427 -0.239978850 0.031157268 -0.009017380 0.970236063
1341846665.798338 -0.052314516 -0.045392584 -0.056946188 -0.242980346 0.033287954 -0.008327729 0.969424129
1341846665.834237 -0.052296702 -0.045795016 -0.058094393 -0.246948272 0.033308882 -0.009092810 0.968413353
1341846665.866106 -0.051493119 -0.044441640 -0.062155228 -0.252331078 0.035527881 -0.008901706 0.966947556
1341846665.898073 -0.048612937 -0.047316242 -0.066508040 -0.259856403 0.037950635 -0.007062725 0.964875400
1341846665.934076 -0.052739289 -0.045487259 -0.069558881 -0.264603198 0.037898447 -0.007118741 0.963586092
1341846665.966137 -0.041559577 -0.042695306 -0.065025814 -0.268462926 0.035601981 -0.006345706 0.962610960
1341846665.998149 -0.033217188 -0.023003975 -0.074100830 -0.268386424 0.037780035 -0.006322326 0.962549448
1341846666.034210 -0.036094777 -0.020664893 -0.074734449 -0.268125683 0.037573051 -0.003456358 0.962644756
1341846666.072502 -0.043646209 -0.025825473 -0.076769240 -0.270280182 0.038363174 -0.003741254 0.962009847
1341846666.134147 -0.034001682 -0.025014892 -0.078211844 -0.278168947 0.039197076 -0.003293824 0.959726393
1341846666.166356 -0.039730161 -0.021168865 -0.080364376 -0.278742820 0.039168719 -0.003352083 0.959560871
1341846666.202327 -0.044903953 -0.022421636 -0.083130606 -0.281221569 0.042393476 -0.004290825 0.958696425
1341846666.234319 -0.029273886 -0.020017058 -0.083475821 -0.283400327 0.037989963 -0.003542474 0.958242357
1341846666.266322 -0.038197264 -0.019008404 -0.089548118 -0.287741005 0.037264612 -0.003093907 0.956978023
1341846666.302195 -0.055858433 -0.074762866 -0.080124080 -0.309539378 0.042759169 -0.003606356 0.949917912
1341846666.335080 -0.043741997 -0.054940999 -0.076950759 -0.316829950 0.040601060 -0.004556575 0.947602034
1341846666.370216 -0.044165161 -0.043473452 -0.080988973 -0.320800543 0.037330095 -0.003194163 0.946405411
1341846666.402019 -0.049639404 -0.046230227 -0.083576493 -0.327434063 0.039207526 -0.001348015 0.944059253
1341846666.434088 -0.042705957 -0.031689532 -0.087340593 -0.330437571 0.039579343 0.000530791 0.942997456
1341846666.470060 -0.045308311 -0.022889938 -0.085663326 -0.330617368 0.037465017 0.004516507 0.943010151
1341846666.502190 -0.057108831 -0.053544600 -0.079257250 -0.342511415 0.040847082 0.009709790 0.938575089
1341846666.534121 -0.054959591 -0.063237034 -0.077374548 -0.354337096 0.043334588 0.009823260 0.934061468
1341846666.570131 -0.039829869 -0.008131213 -0.086015537 -0.352440685 0.039919987 0.013044400 0.934891343
1341846666.602180 -0.044404507 -0.004569547 -0.091251642 -0.357702881 0.040159065 0.014056991 0.932865620
1341846666.638072 -0.037082296 -0.002187131 -0.089630671 -0.363879085 0.040385444 0.013516286 0.930472136
1341846666.670134 -0.052408431 -0.018216752 -0.085066706 -0.370223284 0.041434463 0.013859337 0.927914798
1341846666.738266 -0.041337408 -0.002113848 -0.093815051 -0.371152014 0.037242539 0.014843220 0.927706242
1341846666.770390 -0.046518013 -0.006051398 -0.094189517 -0.373982370 0.036329675 0.016677620 0.926573932
1341846666.802119 -0.042714391 -0.016880196 -0.087089434 -0.378045976 0.032836534 0.021009348 0.924965739
1341846666.838108 -0.037195109 -0.005465284 -0.092181720 -0.377627015 0.030587500 0.022734839 0.925173163
1341846666.870483 -0.096667476 0.072101466 -0.141637266 -0.363489240 0.041259736 0.023621878 0.930384457
1341846666.906019 -0.097222380 0.067885660 -0.140284404 -0.367520213 0.040279321 0.024380874 0.928822935
1341846666.937989 -0.094052486 0.074723057 -0.147726655 -0.369335562 0.037736721 0.023979221 0.928219914
1341846666.970036 -0.081322409 0.074117020 -0.147223920 -0.373220086 0.035186589 0.023235759 0.926784098
1341846667.006200 -0.092267275 0.071515135 -0.143804297 -0.376518726 0.036998026 0.021571293 0.925418556
1341846667.038153 -0.115830138 0.072760493 -0.160765871 -0.376853228 0.037625924 0.018969802 0.925314069
1341846667.074153 -0.060741358 0.144335017 -0.192549512 -0.369017124 0.025956010 0.017624687 0.928892910
1341846667.106156 -0.101832353 0.074456334 -0.153177887 -0.390282780 0.035026997 0.015009792 0.919906020
1341846667.138108 -0.101695441 0.063543387 -0.146207616 -0.392585427 0.031167604 0.014874736 0.919066906
1341846667.174105 -0.076408796 0.068542875 -0.155333117 -0.389393181 0.025871862 0.013572454 0.920608163
1341846667.206107 -0.092190504 0.062569529 -0.156389475 -0.388622969 0.031679399 0.009365382 0.920804441
1341846667.238075 -0.102452196 0.052932225 -0.150467932 -0.386568040 0.032156907 0.006643255 0.921676159
1341846667.274016 -0.072798081 0.046424773 -0.153770879 -0.380780429 0.025823656 0.003393256 0.924298584
1341846667.306189 -0.131010398 0.056104563 -0.167213410 -0.367481887 0.039372627 -0.005149942 0.929182589
1341846667.342253 -0.094716817 0.003661687 -0.150093868 -0.365626514 0.029583383 -0.001891703 0.930289447
1341846667.374345 -0.077574156 0.030712139 -0.172474295 -0.350725681 0.025396558 -0.004614967 0.936122417
1341846667.406982 -0.054075446 0.034223542 -0.151270241 -0.344622105 0.022632441 -0.011408092 0.938399315
1341846667.442109 -0.092896879 -0.034803864 -0.131441891 -0.346830696 0.028901601 -0.008368166 0.937444985
1341846667.474109 -0.097123101 0.003343833 -0.156185567 -0.325530648 0.027514843 -0.010637769 0.945071161
1341846667.506006 -0.092340775 0.003869360 -0.153996855 -0.313952357 0.027962878 -0.013122387 0.948936105
1341846667.542298 -0.110948257 -0.015284953 -0.143666461 -0.302383035 0.027932264 -0.013978785 0.952674568
1341846667.574196 -0.086079605 -0.000028733 -0.158778548 -0.283568352 0.021425443 -0.014204969 0.958607376
1341846667.610099 -0.118247338 0.029957592 -0.171573773 -0.267814994 0.029123783 -0.017839480 0.962864816
1341846667.642293 -0.110283189 0.033457037 -0.172348544 -0.259516627 0.027356990 -0.015652537 0.965224147
1341846667.674072 -0.108828656 0.016723460 -0.169931948 -0.259489328 0.026790151 -0.017395444 0.965217590
1341846667.710179 -0.111472487 0.015032721 -0.163694113 -0.259347588 0.030336630 -0.019263260 0.965115249
1341846667.742255 -0.111782484 0.019167989 -0.168248087 -0.253625751 0.030935753 -0.018961802 0.966621637
1341846667.774114 -0.107230015 0.011842132 -0.168893024 -0.247381225 0.028805604 -0.017062180 0.968339622
1341846667.810099 -0.108291782 -0.002317731 -0.160143822 -0.246381879 0.032406434 -0.020241139 0.968419373
1341846667.842103 -0.104252830 0.012595755 -0.164357141 -0.238427505 0.033196893 -0.021107981 0.970363200
1341846667.878139 -0.120990962 0.000458265 -0.154848382 -0.232268959 0.034979049 -0.019138407 0.971834004
1341846667.910558 -0.114732422 -0.034316994 -0.143276170 -0.233864352 0.037318446 -0.022267872 0.971297562
1341846667.942116 -0.129253536 -0.025035150 -0.142893434 -0.227123067 0.042923424 -0.023510398 0.972635567
1341846667.978287 -0.119566672 -0.013754915 -0.150716648 -0.216266766 0.040689465 -0.020863475 0.975262940
1341846668.010215 -0.130592078 -0.026501659 -0.141028985 -0.211389244 0.046012782 -0.022635566 0.976055861
1341846668.046247 -0.136280939 -0.024389938 -0.138465568 -0.202062935 0.049700983 -0.024351424 0.977807462
1341846668.078111 -0.130830243 -0.025565173 -0.137413204 -0.193268940 0.048854075 -0.020885114 0.979706168
1341846668.110130 -0.133095995 -0.047070608 -0.127412379 -0.190495342 0.051999535 -0.022196280 0.980058670
1341846668.146332 -0.162382677 -0.030028783 -0.129515558 -0.179657593 0.059560418 -0.023340072 0.981647015
1341846668.178208 -0.161680549 -0.032940421 -0.129404113 -0.168112516 0.056987405 -0.019069916 0.983934402
1341846668.211262 -0.155306563 -0.042910893 -0.122075140 -0.158276021 0.055679809 -0.021639148 0.985586226
1341846668.246163 -0.161614686 -0.049898308 -0.114869282 -0.146986991 0.058393981 -0.019236403 0.987225890
1341846668.278397 -0.168415666 -0.033740051 -0.116303146 -0.131293342 0.057173036 -0.016236741 0.989560366
1341846668.314248 -0.155244097 -0.039930694 -0.118838608 -0.123005196 0.054646999 -0.017658088 0.990742922
1341846668.346231 -0.158982590 -0.039376091 -0.120705567 -0.116627552 0.057249561 -0.015453860 0.991403878
1341846668.378099 -0.168394208 -0.028162034 -0.111709245 -0.109416023 0.057992525 -0.014327453 0.992199421
1341846668.414247 -0.160683617 -0.041937042 -0.116227664 -0.105004996 0.056563906 -0.014433554 0.992756844
1341846668.445965 -0.168282196 -0.049798049 -0.109566435 -0.099006549 0.058483601 -0.013222544 0.993278682
1341846668.478153 -0.189543679 -0.097514823 -0.101412967 -0.087040477 0.058924653 -0.006442884 0.994439721
1341846668.514213 -0.164769635 -0.035570461 -0.121042542 -0.061827026 0.054430090 -0.011698194 0.996532977
1341846668.546115 -0.156105965 -0.041469049 -0.118530363 -0.056738053 0.052979019 -0.011370033 0.996917605
1341846668.582467 -0.159345403 -0.046971854 -0.123463437 -0.050303709 0.052629877 -0.012693727 0.997265518
1341846668.614140 -0.156227618 -0.049849831 -0.131024480 -0.035692673 0.052800559 -0.012571372 0.997887790
1341846668.646312 -0.157325268 -0.034802463 -0.125489265 -0.022057399 0.052054387 -0.014539847 0.998294711
1341846668.682455 -0.156542882 -0.042986192 -0.118935667 -0.016745307 0.049166307 -0.016118860 0.998520136
1341846668.714133 -0.157382086 -0.048687398 -0.121632308 -0.004175450 0.046293288 -0.015900685 0.998792589
1341846668.746132 -0.157507136 -0.029131304 -0.126081422 0.007142797 0.044432025 -0.017330218 0.998836517
1341846668.782338 -0.148923665 0.001722891 -0.127556697 0.010784550 0.043280996 -0.018212821 0.998838723
1341846668.814140 -0.153767705 -0.005187863 -0.115876161 0.007776089 0.044494387 -0.019853272 0.998782098
1341846668.850214 -0.151218861 0.000878910 -0.118789546 0.008716329 0.042772330 -0.018721718 0.998871386
1341846668.882442 -0.150188640 0.003540090 -0.123867974 0.006560515 0.041497879 -0.020517159 0.998906374
1341846668.914289 -0.153368309 -0.008359488 -0.119615220 0.003892302 0.040861115 -0.023077894 0.998890698
1341846668.950088 -0.151685625 -0.002605781 -0.114964239 0.006547372 0.036547698 -0.024395276 0.999012649
1341846668.982227 -0.152331397 0.020603571 -0.130423769 0.005477500 0.033916451 -0.030340616 0.998948991
1341846669.014062 -0.148067698 0.011753033 -0.138087109 -0.003692371 0.031782046 -0.035131529 0.998870373
1341846669.050056 -0.158825412 0.011933084 -0.129920781 -0.008080358 0.029330993 -0.040112864 0.998731852
1341846669.082525 -0.153483719 0.021038240 -0.134432733 -0.011855702 0.024492085 -0.046019610 0.998569846
1341846669.118346 -0.159351259 0.016354240 -0.139504135 -0.022129042 0.024154164 -0.057657719 0.997798860
1341846669.150086 -0.158923104 0.013694855 -0.129256442 -0.028114680 0.021171713 -0.063580513 0.997355938
1341846669.182477 -0.151835084 0.011339980 -0.138174325 -0.030027447 0.015891945 -0.070784874 0.996912897
1341846669.218046 -0.142710626 0.021287203 -0.140266478 -0.035745952 0.015033212 -0.079634041 0.996069610
1341846669.250205 -0.145917669 0.017067801 -0.126310974 -0.040670585 0.013471776 -0.082871862 0.995638847
1341846669.286114 -0.145823002 0.008230135 -0.134590670 -0.042990327 0.010883313 -0.089279205 0.995018899
1341846669.318030 -0.134744197 0.009555907 -0.140652925 -0.044669438 0.010371961 -0.093548618 0.994558096
1341846669.350255 -0.147984818 0.015515635 -0.126247510 -0.045413543 0.010445351 -0.099027097 0.993993044
1341846669.418200 -0.137755111 0.032168597 -0.137769789 -0.052464239 0.005597895 -0.121587694 0.991177380
1341846669.450219 -0.148277700 0.030956188 -0.129986122 -0.056218818 0.005708972 -0.130074635 0.989892662
1341846669.486175 -0.143499255 0.019169776 -0.145484313 -0.061623152 0.001572896 -0.140304640 0.988187611
1341846669.518033 -0.138472542 0.019807916 -0.144870058 -0.068461500 0.002683238 -0.153080091 0.985835850
1341846669.554159 -0.145103693 0.019565776 -0.137882113 -0.074124843 0.004618078 -0.162913308 0.983841181
1341846669.586348 -0.147449180 0.023627397 -0.142209753 -0.077913880 0.004052717 -0.171833858 0.982031643
1341846669.617976 -0.125014484 0.030031538 -0.167226896 -0.083842963 0.003328456 -0.181830287 0.979743361
1341846669.654096 -0.139335021 0.024543110 -0.147375301 -0.089373045 0.008714671 -0.189829737 0.977702022
1341846669.686069 -0.131431803 0.024467759 -0.142709836 -0.089266680 0.008559342 -0.194622323 0.976770401
1341846669.718075 -0.121028744 0.033004809 -0.163595811 -0.090534203 0.008887375 -0.203286543 0.974884152
1341846669.754171 -0.127276078 0.035094250 -0.166878000 -0.096816018 0.013266178 -0.212290689 0.972308218
1341846669.786139 -0.129578188 0.024671517 -0.162460491 -0.103043057 0.015211964 -0.220341891 0.969845414
1341846669.822151 -0.128091231 0.028811885 -0.159022242 -0.104970582 0.016255142 -0.228300676 0.967778742
1341846669.854118 -0.118720204 0.040301863 -0.164013833 -0.108256318 0.016825357 -0.236292720 0.965485990
1341846669.886219 -0.125599205 0.037784118 -0.160626769 -0.114571266 0.020182826 -0.246164590 0.962220907
1341846669.922050 -0.129961669 0.034383979 -0.149499401 -0.117567629 0.022108290 -0.253077418 0.960021317
1341846669.954047 -0.116399989 0.029547995 -0.171140954 -0.121767268 0.021442266 -0.260361433 0.957561970
1341846669.986285 -0.126906678 0.032332495 -0.171100125 -0.128926441 0.026684238 -0.270300627 0.953731358
1341846670.022242 -0.116460823 0.036420166 -0.156789050 -0.131269753 0.028315643 -0.279213727 0.950792372
1341846670.054135 -0.109946474 0.041188531 -0.169381991 -0.132911742 0.030451881 -0.285393238 0.948661089
1341846670.090228 -0.107811309 0.040331822 -0.172433585 -0.138005212 0.032909892 -0.295771599 0.944664299
1341846670.121996 -0.120213665 0.030463696 -0.172388002 -0.143897265 0.039314199 -0.307985187 0.939623892
1341846670.154057 -0.114874728 0.039722912 -0.173118338 -0.146176606 0.043755103 -0.316621661 0.936199009
1341846670.190103 -0.126535669 0.041771412 -0.157530487 -0.150749043 0.048624020 -0.326614231 0.931790531
1341846670.222197 -0.131756365 0.037946522 -0.152704045 -0.152948275 0.052975670 -0.338731766 0.926855564
1341846670.258571 -0.120699950 0.050755978 -0.163003117 -0.151875123 0.057227310 -0.345227927 0.924379051
1341846670.290254 -0.112657085 0.053754900 -0.161882177 -0.152460411 0.058609176 -0.351235092 0.921929896
1341846670.358377 -0.160396829 0.039189219 -0.146167159 -0.155802116 0.078958906 -0.371787757 0.911737382
1341846670.390114 -0.103527650 0.022775212 -0.158817947 -0.152733028 0.075257502 -0.378099799 0.909972250
1341846670.422206 -0.092039295 0.016291996 -0.163783789 -0.148211107 0.080197029 -0.387744546 0.906231821
1341846670.464003 -0.147197440 0.006251845 -0.154575109 -0.147557959 0.096955352 -0.397329509 0.900530696
1341846670.526271 -0.110039182 0.013695396 -0.167430922 -0.136756822 0.105515309 -0.408968866 0.896051645
1341846670.566977 -0.167399168 0.030227726 -0.157225475 -0.136217982 0.120825075 -0.415917486 0.890987456
1341846670.596103 -0.136628017 0.025998691 -0.168509811 -0.131430134 0.118393160 -0.419150382 0.890517890
1341846670.628412 -0.111427851 0.022320742 -0.173324153 -0.127137899 0.116790883 -0.423445165 0.889320016
1341846670.664027 -0.244235471 0.028497186 -0.126760706 -0.132804096 0.142746374 -0.433139384 0.879986823
1341846670.696002 -0.214441180 0.024270354 -0.133520871 -0.124657989 0.142961115 -0.437165648 0.879152238
1341846670.728093 -0.190142870 0.014495945 -0.142876983 -0.118281968 0.142673373 -0.440671921 0.878329098
1341846670.764128 -0.224344850 0.014990565 -0.144522950 -0.115860790 0.153656900 -0.450093240 0.871998847
1341846670.796059 -0.226330772 0.016431201 -0.147429138 -0.109609060 0.161079824 -0.455610871 0.868595302
1341846670.832246 -0.204814479 0.020430945 -0.151702806 -0.099227011 0.161492497 -0.454241276 0.870482087
1341846670.863970 -0.186591446 0.017780192 -0.165398970 -0.093680419 0.159676701 -0.452281594 0.872449815
1341846670.896139 -0.164908811 0.000458698 -0.174436435 -0.088335425 0.161245957 -0.451734155 0.873002231
1341846670.932028 -0.149849623 0.002432598 -0.172255650 -0.074820913 0.164988503 -0.446468830 0.876268327
1341846670.964063 -0.130442530 0.005657791 -0.176248729 -0.062031269 0.161515817 -0.441901803 0.880220175
1341846671.000270 -0.138471901 -0.011175904 -0.192546621 -0.058568772 0.162948847 -0.442552388 0.879866302
1341846671.032112 -0.125962406 -0.012865203 -0.193170816 -0.049842495 0.167740047 -0.446004570 0.877757907
1341846671.064030 -0.114480972 -0.005256359 -0.187163189 -0.039507248 0.170274332 -0.449331999 0.876097322
1341846671.101398 -0.113579765 -0.005400233 -0.196297377 -0.032123771 0.170444518 -0.456088185 0.872869015
1341846671.132289 -0.103344582 -0.000485163 -0.191523179 -0.019435933 0.171784997 -0.462675720 0.869507551
1341846671.168159 -0.093632206 -0.003953158 -0.185779616 -0.006748011 0.167039320 -0.463106900 0.870393157
1341846671.200149 -0.088186421 -0.004691709 -0.192838192 0.004122472 0.162056327 -0.466706127 0.869428635
1341846671.232280 -0.076638386 -0.020719303 -0.209738702 0.012985187 0.158703908 -0.471929431 0.867137253
1341846671.268147 -0.068202876 -0.011950045 -0.214701518 0.025211046 0.159861878 -0.473686159 0.865696251
1341846671.300337 -0.056674886 -0.004317077 -0.224433839 0.035527993 0.154818267 -0.474564582 0.865769923
1341846671.336125 -0.052886710 -0.012638915 -0.222190812 0.040260844 0.151829973 -0.478645951 0.863843024
1341846671.368236 -0.047292631 -0.011468420 -0.223910347 0.047502287 0.152068838 -0.481798559 0.861677825
1341846671.400327 -0.031889282 -0.008618576 -0.220378280 0.054072283 0.146287039 -0.484002441 0.861056268
1341846671.436064 -0.023407409 -0.003764609 -0.228591010 0.060240507 0.142401561 -0.489464015 0.858206213
1341846671.468197 -0.010046059 0.000872611 -0.229298502 0.066817038 0.140374362 -0.493743032 0.855598271
1341846671.504294 -0.000869334 0.011833213 -0.231189489 0.072051622 0.134350911 -0.498384297 0.853446782
1341846671.536197 0.010570258 0.008969693 -0.232769996 0.076605596 0.125151560 -0.508136153 0.848685026
1341846671.568120 0.012235840 0.006478313 -0.227564648 0.083367392 0.122103341 -0.516233742 0.843589544
1341846671.604188 0.021304678 0.010865367 -0.256843239 0.086156502 0.114983991 -0.526884615 0.837704241
1341846671.636057 0.044202648 0.014175035 -0.229025424 0.099912263 0.103516042 -0.526672661 0.837805390
1341846671.672157 0.063501745 0.007809004 -0.228820369 0.109560750 0.093593948 -0.532014012 0.834384620
1341846671.704027 -0.123234205 -0.024860462 -0.199007809 0.094117448 0.108451746 -0.537382066 0.831023872
1341846671.736479 -0.139639601 -0.027257379 -0.189876825 0.092115529 0.106524505 -0.544908822 0.826584280
1341846671.774745 -0.116676785 -0.021209558 -0.177543968 0.098212011 0.100342833 -0.548683882 0.824155152
1341846671.804605 -0.136616319 -0.018212400 -0.182745799 0.097260229 0.097832263 -0.553704977 0.821206450
1341846671.840252 -0.140412495 -0.021311440 -0.189142823 0.096330859 0.093695179 -0.557275832 0.819380999
1341846671.872106 -0.141102105 -0.027090382 -0.194894493 0.096703619 0.091337889 -0.560939848 0.817099869
1341846671.904035 -0.141172126 -0.020823952 -0.196333736 0.097858064 0.089446999 -0.563521624 0.815393388
1341846671.972239 -0.137579724 -0.019561389 -0.196306586 0.096971668 0.087171428 -0.574589968 0.807987630
1341846672.034218 -0.133339778 -0.026942708 -0.204122707 0.095411971 0.081176832 -0.584996939 0.801302373
1341846672.066227 -0.141999036 -0.027094074 -0.204500064 0.093595408 0.082588561 -0.591883957 0.796299219
1341846672.098024 -0.144927710 -0.029835355 -0.204325542 0.092762537 0.079935364 -0.595505118 0.793964148
1341846672.134061 -0.147556201 -0.039851185 -0.209515184 0.090640739 0.076653503 -0.601027131 0.790363729
1341846672.166000 -0.148300439 -0.044249162 -0.210647881 0.089484580 0.076623641 -0.606063187 0.786643982
1341846672.198405 -0.152591258 -0.046856876 -0.216746613 0.088556446 0.076233022 -0.609493315 0.784132719
1341846672.234130 -0.150304288 -0.049655382 -0.218693152 0.090215452 0.072238393 -0.612120628 0.782273054
1341846672.266403 -0.153252989 -0.046180367 -0.221590802 0.092580408 0.072631381 -0.615942895 0.778953016
1341846672.302710 -0.147921741 -0.047529176 -0.218585119 0.092112243 0.070581034 -0.617298245 0.778123736
1341846672.335022 -0.152168214 -0.045449216 -0.219769776 0.090010740 0.070161633 -0.620194316 0.776102126
1341846672.366487 -0.154146492 -0.042536661 -0.218559921 0.090851851 0.071063221 -0.623033404 0.773644209
1341846672.402478 -0.149796069 -0.040754989 -0.221665218 0.092677712 0.071051717 -0.622085154 0.774191558
1341846672.434330 -0.149569258 -0.041449491 -0.219551668 0.091947086 0.070756964 -0.620878279 0.775273740
1341846672.472323 -0.145610362 -0.041766901 -0.215851828 0.092848957 0.070072532 -0.620815277 0.775278866
1341846672.534812 -0.147180259 -0.041213244 -0.216477588 0.092140362 0.067840405 -0.618007064 0.777801454
1341846672.570153 -0.145792827 -0.041332860 -0.216941923 0.089308806 0.066679239 -0.617935240 0.778289080
1341846672.608881 -0.144729659 -0.036534850 -0.212945446 0.090492345 0.064965025 -0.616190910 0.779679060
1341846672.640836 -0.140275151 -0.035378315 -0.219062954 0.089310199 0.062329747 -0.612499714 0.782932162
1341846672.708152 -0.143273532 -0.036572084 -0.214741513 0.088453636 0.058923330 -0.599896908 0.792986572
1341846672.770288 -0.138115838 -0.032631159 -0.214735731 0.091686457 0.052502420 -0.578996539 0.808455408
1341846672.803280 -0.143782318 -0.033008233 -0.209370345 0.092908606 0.050568577 -0.569782257 0.814959466
1341846672.838034 -0.146200716 -0.033020034 -0.200687215 0.093416892 0.047287688 -0.559596360 0.822124720
1341846672.870092 -0.144702718 -0.030779179 -0.203727826 0.094061732 0.043232217 -0.552547395 0.827027678
1341846672.902275 -0.151401177 -0.025656797 -0.198553041 0.094036080 0.041464161 -0.545671105 0.831673563
1341846672.938315 -0.146655038 -0.022997359 -0.200884774 0.093925998 0.037171055 -0.537809610 0.836992860
1341846672.970326 -0.141386613 -0.018344961 -0.194681361 0.093378380 0.032974798 -0.526903391 0.844136238
1341846673.008221 -0.139045328 -0.016297540 -0.194243625 0.091483809 0.030264944 -0.517010629 0.850537956
1341846673.070235 -0.148805156 -0.016847759 -0.190858588 0.085222766 0.027976273 -0.497702926 0.862697065
1341846673.106189 -0.143960148 -0.019960655 -0.197936118 0.086377420 0.023599215 -0.484591097 0.870145679
1341846673.138104 -0.137758821 -0.022097971 -0.191322938 0.087563485 0.018352674 -0.471156567 0.877500594
1341846673.170298 -0.148010582 -0.022721985 -0.191878229 0.086752914 0.016765203 -0.462317109 0.882301390
1341846673.206489 -0.146551520 -0.021280736 -0.194402903 0.089226298 0.013252391 -0.452365369 0.887259066
1341846673.238153 -0.149375752 -0.026709087 -0.188029975 0.089396544 0.008496976 -0.442256331 0.892381847
1341846673.274220 -0.137640327 -0.027504796 -0.200343102 0.092394978 0.003651941 -0.434783012 0.895775437
1341846673.306107 -0.140937999 -0.021654094 -0.196059197 0.096153438 0.001910539 -0.425013304 0.900063634
1341846673.338187 -0.142905846 -0.024563029 -0.189687356 0.097693145 -0.001715655 -0.414665461 0.904713035
1341846673.374098 -0.136032850 -0.028062956 -0.196343914 0.100738950 -0.005221018 -0.404240161 0.909073293
1341846673.406266 -0.149260119 -0.020244794 -0.188729882 0.103739023 -0.004338512 -0.392845690 0.913724065
1341846673.438267 -0.141872853 -0.024893675 -0.185699314 0.107313439 -0.010539734 -0.379839212 0.918746352
1341846673.474135 -0.149912819 -0.033895537 -0.190999657 0.108930416 -0.012395317 -0.366341114 0.923999310
1341846673.506260 -0.159292325 -0.039367821 -0.194565400 0.110221326 -0.014520608 -0.353339553 0.928865731
1341846673.542168 -0.138277635 -0.023341756 -0.187204555 0.114563294 -0.022262419 -0.339173853 0.933456361
1341846673.574072 -0.140411645 -0.020134743 -0.185416058 0.113952197 -0.025530277 -0.328788310 0.937155962
1341846673.606102 -0.162407473 -0.026917661 -0.189563841 0.110648349 -0.026797252 -0.316992640 0.941570222
1341846673.648026 -0.209289268 -0.037535194 -0.171229407 0.104304641 -0.026715904 -0.308724821 0.945037425
1341846673.710162 -0.159522995 -0.012643383 -0.193758994 0.101605736 -0.043292023 -0.284703881 0.952232003
1341846673.742225 -0.162228122 -0.009404608 -0.192898929 0.098112546 -0.049286716 -0.270018905 0.956574380
1341846673.774298 -0.169907421 -0.011248245 -0.196661204 0.094462425 -0.054948110 -0.253880411 0.961042285
1341846673.810154 -0.168238178 -0.010730552 -0.208418578 0.092296250 -0.060278241 -0.240212604 0.964440703
1341846673.842305 -0.166032314 -0.007577605 -0.209380865 0.089319624 -0.066964321 -0.225485742 0.967829525
1341846673.874285 -0.164865717 0.001997987 -0.217451960 0.086533107 -0.070560388 -0.216914549 0.969784141
1341846673.910253 -0.166008949 0.005267712 -0.205723494 0.080804765 -0.073813766 -0.202719972 0.973101616
1341846673.942284 -0.164714918 -0.000674073 -0.205594659 0.077711023 -0.077595286 -0.193505079 0.974933743
1341846673.978434 -0.161551148 0.001541498 -0.180255890 0.077278383 -0.079372138 -0.185116068 0.976452827
1341846674.016486 -0.164418891 0.003587340 -0.181420341 0.078794859 -0.078533925 -0.175294101 0.978210449
1341846674.052060 -0.165421709 0.002987424 -0.180181026 0.078525931 -0.079346843 -0.164998099 0.979955792
1341846674.084057 -0.164190352 0.008895182 -0.180094019 0.079813801 -0.079163596 -0.158335850 0.980965137
1341846674.152235 -0.163011000 0.007033912 -0.192392275 0.070922635 -0.078437664 -0.141411886 0.984286666
1341846674.210322 -0.151125178 0.020695293 -0.204187781 0.066467874 -0.077254765 -0.125136957 0.986891329
1341846674.246217 -0.167830735 0.013579022 -0.188298628 0.061161935 -0.075924441 -0.118545473 0.988150656
1341846674.278035 -0.165080309 0.006928984 -0.182146922 0.060955476 -0.078151092 -0.109875582 0.988991499
1341846674.310117 -0.168390244 0.014663657 -0.189346239 0.061543822 -0.078365333 -0.101411775 0.989841878
1341846674.346212 -0.168954894 0.015764283 -0.193734616 0.058720898 -0.077934742 -0.093945123 0.990783691
1341846674.378058 -0.162518725 0.011951303 -0.160933629 0.059370127 -0.078471683 -0.083198600 0.991662920
1341846674.410162 -0.161522061 0.020953473 -0.185082555 0.060058594 -0.078241646 -0.074376203 0.992340326
1341846674.446125 -0.156020284 0.018909356 -0.176627904 0.057064921 -0.078835875 -0.067244291 0.992978692
1341846674.478198 -0.160555884 0.014845973 -0.174233496 0.056802746 -0.077407457 -0.061598737 0.993472278
1341846674.514124 -0.162622139 0.020214241 -0.189610839 0.056963377 -0.076850809 -0.057702940 0.993740141
1341846674.546062 -0.163809314 0.016901027 -0.197237551 0.055420499 -0.077363424 -0.053617086 0.994016409
1341846674.578094 -0.165733203 0.015671926 -0.212184653 0.055727784 -0.076043539 -0.051212691 0.994227827
1341846674.614179 -0.155362442 0.015554660 -0.232561067 0.053635769 -0.075222336 -0.044106126 0.994745910
1341846674.682209 -0.169295251 0.017441753 -0.190948844 0.056143705 -0.075791873 -0.030564470 0.995072544
1341846674.714186 -0.166259661 0.024584603 -0.182096347 0.057631608 -0.075771898 -0.020646449 0.995244145
1341846674.752271 -0.166873202 0.020109499 -0.199740186 0.056444991 -0.075836919 -0.009341604 0.995477498
1341846674.814222 -0.165196955 0.026235465 -0.183418617 0.056464259 -0.074949458 0.004600467 0.995576799
1341846674.846370 -0.160393327 0.024644762 -0.191882521 0.056537434 -0.074978553 0.013087240 0.995495081
1341846674.882158 -0.158443645 0.021951446 -0.207490608 0.055129196 -0.074650213 0.020675382 0.995470047
1341846674.914224 -0.168869674 0.035801426 -0.200948447 0.054608461 -0.073450759 0.024705475 0.995496154
1341846674.950305 -0.165528312 0.034198932 -0.193059817 0.051501498 -0.073867708 0.030957267 0.995456100
1341846674.982342 -0.162842616 0.030284571 -0.207640901 0.047452752 -0.075961843 0.035583448 0.995345116
1341846675.014137 -0.153982595 0.025070764 -0.220018551 0.037633304 -0.078708239 0.041566644 0.995319545
1341846675.050230 -0.152912512 0.027858870 -0.234393850 0.028435644 -0.079857454 0.043538943 0.995448947
1341846675.088201 -0.150427133 0.031514857 -0.231673017 0.023314660 -0.079512246 0.045613222 0.995516777
1341846675.150188 -0.151269168 0.075485066 -0.231617287 0.003644633 -0.077693865 0.052023191 0.995612383
1341846675.182290 -0.167830497 0.058649369 -0.189194441 -0.012292011 -0.073254466 0.044741195 0.996233344
1341846675.218759 -0.173201799 0.055220623 -0.183149800 -0.020124329 -0.072092012 0.048806999 0.995999813
1341846675.251951 -0.166403875 0.052688610 -0.181552589 -0.027300742 -0.072835937 0.050806578 0.995674789
1341846675.282406 -0.159081116 0.049499661 -0.189131752 -0.030496571 -0.071893536 0.053235151 0.995523632
1341846675.318078 -0.151107669 0.050835762 -0.199774235 -0.034538880 -0.069934279 0.057852481 0.995273471
1341846675.350149 -0.146134257 0.049235795 -0.213458523 -0.042692311 -0.066913337 0.055569973 0.995294929
1341846675.382271 -0.107635275 0.046011958 -0.194313869 -0.054819193 -0.072116628 0.058404751 0.994174480
1341846675.450238 -0.056683470 0.041051451 -0.166028515 -0.062351085 -0.072249323 0.070828386 0.992912769
1341846675.486165 -0.143863469 0.059279293 -0.156719700 -0.048181310 -0.055574480 0.077587992 0.994268656
1341846675.518083 -0.120260127 0.057232752 -0.152463287 -0.040545236 -0.058299836 0.087223262 0.993654490
1341846675.550092 -0.118227810 0.057125889 -0.148037031 -0.033754494 -0.058675118 0.094872847 0.993185282
1341846675.586070 -0.108334951 0.063145541 -0.144698411 -0.029368293 -0.058983587 0.098418862 0.992961287
1341846675.618075 -0.090215214 0.067290090 -0.138268679 -0.023546679 -0.058938000 0.101105824 0.992849171
1341846675.650024 -0.073725335 0.065635361 -0.135475799 -0.018429466 -0.061867453 0.104545362 0.992422819
1341846675.686118 -0.058375645 0.064169399 -0.131527454 -0.015147439 -0.065439180 0.104314804 0.992273510
1341846675.718055 -0.046355069 0.067366615 -0.128537282 -0.009970073 -0.064000361 0.101574637 0.992717028
1341846675.754170 -0.024159091 0.069826394 -0.113719389 -0.003088757 -0.067034796 0.100291990 0.992692471
1341846675.786330 -0.007572186 0.064298265 -0.119742505 -0.000655204 -0.067747258 0.099675037 0.992710829
1341846675.818106 0.008159627 0.065200977 -0.121269666 0.002926641 -0.065700188 0.096319705 0.993175447
1341846675.854095 0.035700426 0.063580424 -0.115996435 0.006625073 -0.068413958 0.095678248 0.993036389
1341846675.886163 0.051812384 0.063792571 -0.111763261 0.013238641 -0.072180346 0.097566970 0.992519736
1341846675.922346 0.065318912 0.064339481 -0.111817643 0.022496408 -0.073327690 0.097854577 0.992240608
1341846675.961651 0.092751645 0.058457676 -0.110747509 0.029305436 -0.076912105 0.095265396 0.992043436
1341846676.028080 0.122009128 0.069406338 -0.107041843 0.054471362 -0.084167957 0.093775727 0.990532577
1341846676.122163 -0.002298710 0.103792831 -0.164985567 0.067066655 -0.067156464 0.086591452 0.991712630
1341846676.154447 -0.110474132 0.061171811 -0.180071369 0.059107378 -0.048575491 0.083132111 0.993597388
1341846676.190230 -0.085485436 0.065699294 -0.188064575 0.059878223 -0.053904403 0.085016228 0.993116856
1341846676.222476 -0.048843615 0.083923295 -0.209128618 0.056775969 -0.057500366 0.085866712 0.993024230
1341846676.257017 -0.046881549 0.082546078 -0.204801321 0.049649443 -0.055477496 0.083530501 0.993720174
1341846676.290401 -0.042281557 0.067121580 -0.209381312 0.045118734 -0.054868203 0.082059391 0.994092584
1341846676.322689 -0.036346532 0.082228050 -0.238644570 0.043951720 -0.052371640 0.080101781 0.994439125
1341846676.360815 0.005127649 0.091401346 -0.268230319 0.033970721 -0.052030079 0.086581700 0.994305015
1341846676.390851 0.007482086 0.082589887 -0.223560721 0.024000121 -0.049185183 0.078155249 0.995437860
1341846676.424250 -0.005981018 0.061042823 -0.236973882 0.022984739 -0.042987447 0.076466843 0.995879829
1341846676.459033 0.026195567 0.099456795 -0.252441108 0.025838245 -0.043052878 0.080534510 0.995486319
1341846676.490669 0.040108729 0.100862622 -0.241898894 0.021688256 -0.040887680 0.081577316 0.995591760
1341846676.532743 0.053996868 0.106094070 -0.235148191 0.021666175 -0.037845284 0.081601165 0.995710611
1341846676.564052 0.056790993 0.113414429 -0.249824882 0.019926380 -0.033573810 0.082807578 0.995800495
1341846676.596566 0.054655373 0.108839475 -0.248071104 0.015569041 -0.030681329 0.082407072 0.996004701
1341846676.632057 0.069810309 0.110433914 -0.246536911 0.014388297 -0.028757729 0.078855306 0.996367335
1341846676.690079 0.085977741 0.104327515 -0.250965625 0.013028957 -0.026386987 0.075561821 0.996706784
1341846676.726102 0.109847926 0.098290332 -0.250382304 0.012069282 -0.025656953 0.072941080 0.996933103
1341846676.758419 0.107082561 0.087008931 -0.256114215 0.013220640 -0.021168526 0.073417105 0.996989012
1341846676.790227 0.106199749 0.103949830 -0.252745837 0.016715551 -0.019553082 0.072121955 0.997064054
1341846676.826179 0.125063911 0.103761345 -0.245734930 0.017085029 -0.017148511 0.071905568 0.997117639
1341846676.858331 0.088835783 0.096599728 -0.241088256 0.017743049 -0.006996366 0.072837532 0.997161448
1341846676.894086 0.046081718 0.087797262 -0.245833069 0.016967436 -0.000649316 0.075098969 0.997031510
1341846676.926062 0.033192396 0.070397943 -0.252508223 0.013671183 0.003228179 0.073001720 0.997232914
1341846676.958080 0.023744846 0.070597492 -0.247241646 0.014125290 0.006717059 0.072558537 0.997241497
1341846676.994140 0.054166351 0.086297944 -0.259901643 0.018039752 -0.000419314 0.073570177 0.997126758
1341846677.026242 0.069484659 0.090202272 -0.258602440 0.018290771 -0.003200888 0.073258065 0.997140169
1341846677.094244 0.065182112 0.089534722 -0.258892000 0.016163141 -0.003024342 0.072520025 0.997231424
1341846677.126108 0.070912741 0.083958201 -0.254305065 0.017335504 -0.005029514 0.073099308 0.997161329
1341846677.162066 0.078161269 0.087939866 -0.261779159 0.019848313 -0.005144130 0.073902354 0.997054696
1341846677.194068 0.071945332 0.091344230 -0.264277428 0.019233026 -0.005526031 0.073716357 0.997078478
1341846677.226206 0.091576189 0.085313410 -0.262890428 0.017966967 -0.007074462 0.073510356 0.997107506
1341846677.262033 0.078124277 0.070881069 -0.256510913 0.018773973 -0.001642977 0.074548170 0.997039318
1341846677.294125 0.080619060 0.089708865 -0.269083321 0.022540655 -0.004273297 0.073997296 0.996994495
1341846677.326503 0.090921894 0.092079453 -0.276521176 0.021212697 -0.004637778 0.073074259 0.997090101
1341846677.362194 0.093560733 0.081674166 -0.266544640 0.020186594 -0.001896915 0.073162995 0.997113883
1341846677.394280 0.090385661 0.086434729 -0.271106273 0.022412293 -0.001316966 0.073804639 0.997019947
1341846677.430058 0.098288938 0.086999759 -0.268740982 0.022500804 -0.000911903 0.072868079 0.997087300
1341846677.468326 0.101884790 0.083905198 -0.269685775 0.023220867 0.001459948 0.072339021 0.997108698
1341846677.530161 0.111451335 0.085064672 -0.265792042 0.027420294 0.003195734 0.071000412 0.997094214
1341846677.562051 0.111085556 0.089273661 -0.263963938 0.029291257 0.006082233 0.068861514 0.997177541
1341846677.594105 0.110531829 0.087635785 -0.263463110 0.029345680 0.006953852 0.068752699 0.997177780
1341846677.630227 0.112418331 0.084713846 -0.262961209 0.029617161 0.007696218 0.067183606 0.997271240
1341846677.662033 0.112435915 0.087352797 -0.263558418 0.030878145 0.009184875 0.067561120 0.997194886
1341846677.730320 0.112531893 0.085570909 -0.263302684 0.029954070 0.009255458 0.067317776 0.997238874
1341846677.763691 0.112750039 0.083086193 -0.266439170 0.031033073 0.010254743 0.067838460 0.997160852
1341846677.798630 0.109570786 0.089896619 -0.271770149 0.031807594 0.009118467 0.067137137 0.997194946
1341846677.830104 0.126379952 0.084328920 -0.262534201 0.030523919 0.007722902 0.066373020 0.997298002
1341846677.862185 0.122490503 0.076291658 -0.264836311 0.032546133 0.010435796 0.064724602 0.997317672
1341846677.898344 0.123208925 0.078364715 -0.268259615 0.035934821 0.010002574 0.066090643 0.997116148
1341846677.930181 0.128440917 0.069458477 -0.273007601 0.036954004 0.010259791 0.065138206 0.997138977
1341846677.966256 0.127128482 0.067465007 -0.271221757 0.039610047 0.012428138 0.063936338 0.997090101
1341846677.998516 0.125830755 0.064097531 -0.271979302 0.043894943 0.011819970 0.065971844 0.996785462
1341846678.030368 0.127141491 0.070085548 -0.276440471 0.047711331 0.009795735 0.066009440 0.996629536
1341846678.066187 0.134780809 0.068923339 -0.275230646 0.049200729 0.010321659 0.065186135 0.996605992
1341846678.098076 0.120209157 0.062744223 -0.283731848 0.050381944 0.012004064 0.065563597 0.996503413
1341846678.134082 0.123803638 0.063268259 -0.284848392 0.052214194 0.008588134 0.065802775 0.996428609
1341846678.166092 0.135260224 0.064620659 -0.283435583 0.053478215 0.008115656 0.064957425 0.996420979
1341846678.204293 0.121981576 0.056321952 -0.286163837 0.054317329 0.010074584 0.065083988 0.996349454
1341846678.266209 0.131738171 0.060898688 -0.282148749 0.058835838 0.005771028 0.065325662 0.996111214
1341846678.298316 0.127837792 0.065364055 -0.284018755 0.059849512 0.005052010 0.065476075 0.996044874
1341846678.334135 0.134644926 0.059521697 -0.286097974 0.058903862 0.002246575 0.065980785 0.996078193
1341846678.366593 0.137548402 0.058009680 -0.283335835 0.060316700 0.002380478 0.065633915 0.996016264
1341846678.402292 0.135328755 0.058631934 -0.285407096 0.062108289 0.002454928 0.065686636 0.995902538
1341846678.439991 0.138904512 0.056923743 -0.285464585 0.062578358 0.002246727 0.065547898 0.995882690
