1341846313.592026 0.000000000 0.000000000 0.000000000 0.000000000 0.000000000 0.000000000 1.000000000
1341846313.654184 0.011182995 -0.001516282 -0.003041243 -0.001222439 -0.003729457 0.006153542 0.999973357
1341846313.686156 0.015608047 -0.000184027 0.003979161 0.000125048 -0.005734391 0.004827695 0.999971867
1341846313.721918 0.016927226 0.003940773 0.001748070 0.000574613 -0.006060487 0.004784661 0.999970019
1341846313.753994 0.028790798 0.001889957 0.002960228 -0.000274434 -0.007492837 0.006860855 0.999948323
1341846313.789969 0.034393784 0.004650231 0.009715683 0.001044290 -0.008131590 0.005472725 0.999951422
1341846313.822075 0.022330586 0.011925003 0.001367354 0.002264138 -0.003855863 0.003123970 0.999985099
1341846313.853928 0.057049058 0.003341214 -0.000661092 0.000060993 -0.006543947 0.004732528 0.999967396
1341846313.890011 0.061093483 0.009185337 -0.003796596 0.000812133 -0.004425685 0.004568750 0.999979436
1341846313.922055 0.066610657 0.013439424 -0.006549189 -0.000938296 -0.004153137 0.006070608 0.999972522
1341846313.957927 0.105860800 0.015634062 0.008331783 -0.002809919 -0.003877472 0.006061051 0.999970138
1341846313.990058 0.094169810 0.014562043 0.016784035 -0.004228090 0.005145874 0.009187822 0.999935627
1341846314.022042 0.093537673 0.021530351 -0.001954314 -0.005656776 0.006613036 0.010207914 0.999909997
1341846314.057816 0.116616771 0.018182019 -0.002345201 -0.009406905 0.007066211 0.012569675 0.999851763
1341846314.089801 0.118887201 0.014372277 0.015480467 -0.009127831 0.012977825 0.011727673 0.999805331
1341846314.122037 0.114177428 0.021432532 0.012889096 -0.009846016 0.017990850 0.015152542 0.999674857
1341846314.157989 0.127300486 0.013200778 0.015765378 -0.013017680 0.020175764 0.015566280 0.999590516
1341846314.190094 0.128382444 0.022029521 0.016789118 -0.011570823 0.024783973 0.016662437 0.999486983
1341846314.225969 0.139066279 0.027976176 0.013696384 -0.013741801 0.025723310 0.021299265 0.999347687
1341846314.257923 0.138771236 0.018250262 0.019811461 -0.016686372 0.028544417 0.020249637 0.999248087
1341846314.290052 0.139451221 0.019919718 0.017315939 -0.015089754 0.030458858 0.018478572 0.999251246
1341846314.325981 0.148574859 0.025779961 0.015723497 -0.015378100 0.031137062 0.017031627 0.999251664
1341846314.357905 0.155944392 0.018892594 0.024550039 -0.016883245 0.033781387 0.015398654 0.999167979
1341846314.389899 0.165495947 0.018864891 0.023766475 -0.015459232 0.035338733 0.015721431 0.999132097
1341846314.427905 0.167377874 0.024975693 0.019666798 -0.014954101 0.037819929 0.013562288 0.999080598
1341846314.493987 0.179995999 0.021045603 0.028167916 -0.013806851 0.046817780 0.006002055 0.998789966
1341846314.526085 0.189350411 0.020635804 0.017305173 -0.014102654 0.048385691 0.005196950 0.998715639
1341846314.558292 0.201667458 0.019978696 0.012991375 -0.015104203 0.050522611 0.005378186 0.998594224
1341846314.594085 0.209910721 0.012324343 0.015318643 -0.014573396 0.054605756 0.005315369 0.998387516
1341846314.626096 0.207228109 0.017629897 0.009629052 -0.013965903 0.059755296 0.006278149 0.998095632
1341846314.658455 0.205234811 0.022239333 0.010293563 -0.015218832 0.062702402 0.004295581 0.997906983
1341846314.694004 0.226968497 0.013179746 0.020614263 -0.015854293 0.064584687 0.002953431 0.997781873
1341846314.725910 0.222674862 0.010729253 0.020948688 -0.011839477 0.068615578 0.007655082 0.997543573
1341846314.761942 0.220172793 0.012253839 0.018557467 -0.008122556 0.069817536 0.011270908 0.997463048
1341846314.794030 0.227871433 0.015395508 0.014769489 -0.004684513 0.071956873 0.012063240 0.997323811
1341846314.826092 0.255987614 0.018658241 0.015740475 -0.002701710 0.072580189 0.015272221 0.997241974
1341846314.862145 0.258124441 0.022262849 0.013474328 -0.002237833 0.076692104 0.016056707 0.996923029
1341846314.894072 0.269935489 0.021637740 0.016658505 -0.002736097 0.079662472 0.018754734 0.996641695
1341846314.925969 0.270641536 0.021432402 0.004160060 -0.002646917 0.082793601 0.021429999 0.996332765
1341846314.961937 0.276266962 0.032189492 0.007170133 -0.004662256 0.082962729 0.026867528 0.996179461
1341846314.994564 0.277197391 0.029650696 0.008538230 -0.008109950 0.084541835 0.024455789 0.996086776
1341846315.029900 0.298198432 0.023387672 0.012847573 -0.009274754 0.085923627 0.024152825 0.995965719
1341846315.061965 0.299017459 0.021042943 0.011350051 -0.010189777 0.088541597 0.028333019 0.995617270
1341846315.094388 0.298821360 0.026536997 0.023089752 -0.009057757 0.088060945 0.026719877 0.995715439
1341846315.129851 0.313457519 0.028483914 0.016402546 -0.007059015 0.086893655 0.026047202 0.995851994
1341846315.161941 0.314917386 0.036607858 -0.002391459 -0.008994145 0.087310195 0.029757516 0.995696008
1341846315.197984 0.317029387 0.034720249 0.003726505 -0.015978642 0.084833570 0.027548080 0.995886087
1341846315.230076 0.331468165 0.035513956 0.018572146 -0.019074544 0.082732432 0.024203517 0.996095240
1341846315.262069 0.324222565 0.026046358 0.009122069 -0.023437049 0.081296615 0.026872076 0.996051908
1341846315.298000 0.331555843 0.025653353 0.021014735 -0.025107734 0.077277102 0.027423820 0.996316075
1341846315.329931 0.338882595 0.014013618 0.022796514 -0.022537572 0.075797305 0.028380996 0.996464431
1341846315.361981 0.346184164 0.015977032 0.009965426 -0.017283184 0.074505597 0.031452425 0.996574581
1341846315.397962 0.356671393 0.017345002 0.013041065 -0.014495659 0.073741511 0.035631310 0.996535242
1341846315.429923 0.360525548 0.024806298 0.011120033 -0.010695266 0.075718634 0.036918383 0.996388137
1341846315.466047 0.373990476 0.030934256 0.011042003 -0.009312363 0.078439444 0.038896721 0.996116281
1341846315.497883 0.369290709 0.029902143 0.010229541 -0.010600264 0.082227156 0.043743107 0.995596766
1341846315.530008 0.372700989 0.029348651 0.012681657 -0.010529793 0.083499290 0.044021666 0.995479345
1341846315.566108 0.374527484 0.029389849 0.009105613 -0.011563028 0.084962316 0.044875361 0.995305955
1341846315.597986 0.376587957 0.030164981 0.018090609 -0.011438017 0.086244278 0.044530794 0.995212615
1341846315.630109 0.378242284 0.032037895 0.018635651 -0.011128606 0.087339200 0.043560952 0.995163500
1341846315.666042 0.381413788 0.036742005 0.017228460 -0.011389716 0.088518865 0.042863976 0.995086610
1341846315.698114 0.393213391 0.045583893 0.008447061 -0.015366244 0.089918219 0.041522939 0.994964540
1341846315.733985 0.378400922 0.030025249 0.021398883 -0.020003995 0.094916493 0.042569973 0.994373441
1341846315.766041 0.372065485 0.032785356 0.018055331 -0.019050427 0.093604892 0.042199694 0.994532228
1341846315.798188 0.375987560 0.032553270 0.014215051 -0.020195780 0.092374645 0.041245483 0.994664669
1341846315.834140 0.370143473 0.026213085 0.016833557 -0.019751199 0.095165104 0.039384305 0.994485974
1341846315.866751 0.369093776 0.022809116 0.018285478 -0.018008221 0.096580356 0.039543446 0.994376302
1341846315.898492 0.365676165 0.022631397 0.016173573 -0.016594354 0.097408302 0.038863294 0.994346976
1341846315.936901 0.361101478 0.019790059 0.012470866 -0.014016666 0.099303395 0.038221773 0.994224072
1341846315.966572 0.351363868 0.019134250 0.016741054 -0.010565383 0.101675287 0.036951657 0.994075000
1341846316.034204 0.340753257 0.015043391 0.012879367 -0.007332126 0.101698764 0.036021285 0.994135857
1341846316.066113 0.333245099 0.013189650 0.017656552 -0.004970420 0.101977691 0.035429209 0.994143128
1341846316.101867 0.325717002 0.015103928 0.010703542 -0.003649389 0.100861624 0.037543971 0.994185090
1341846316.134066 0.314464450 0.019139741 0.011146354 -0.003962578 0.098389946 0.033509728 0.994575679
1341846316.202049 0.301455706 0.011003434 0.018845424 -0.004303445 0.094095953 0.029567694 0.995114684
1341846316.233979 0.291690171 0.013830811 0.005907089 -0.003348980 0.093544923 0.026531214 0.995255888
1341846316.270052 0.292747468 0.013283092 0.006878338 -0.004822914 0.093713284 0.024106376 0.995295644
1341846316.301915 0.292815626 0.004359012 0.012335456 -0.005461521 0.093966626 0.023970053 0.995271742
1341846316.334208 0.281205267 0.007243955 0.019694943 -0.003185542 0.093872048 0.025380703 0.995255589
1341846316.370006 0.279529959 0.002233379 0.016815167 -0.001797411 0.092008896 0.026291680 0.995409369
1341846316.401994 0.267053157 0.004377089 0.013589034 0.000225783 0.092324913 0.028386708 0.995324194
1341846316.438069 0.259916067 -0.002020267 0.015884224 0.001772905 0.092195243 0.029312024 0.995307803
1341846316.470076 0.254758686 0.000951532 0.018296847 0.007006114 0.091149405 0.032442864 0.995283902
1341846316.502034 0.243155271 0.015368751 0.005439476 0.010147993 0.089028224 0.034139600 0.995392084
1341846316.537975 0.234976500 0.014696470 0.006213170 0.007352184 0.086334281 0.031765454 0.995732486
1341846316.570121 0.224685505 -0.000948220 0.012656410 0.005609652 0.087151736 0.027841924 0.995790124
1341846316.601885 0.219986469 0.001364000 0.012118869 0.008183291 0.086319000 0.027346712 0.995858550
1341846316.638009 0.211580142 -0.005501226 0.009831236 0.009678510 0.085381292 0.028876411 0.995882809
1341846316.669925 0.203224674 -0.006735420 0.009048306 0.011901176 0.084908202 0.027698345 0.995932639
1341846316.705941 0.199148968 -0.014101653 0.001171770 0.015358303 0.084624216 0.028305018 0.995892406
1341846316.738062 0.186699569 -0.005640875 -0.004547408 0.018524764 0.084597751 0.032262944 0.995720446
1341846316.770433 0.168940380 -0.000913836 -0.000172333 0.018023932 0.085385107 0.030362733 0.995722115
1341846316.805932 0.167853042 -0.009288310 0.005894145 0.017967617 0.084744379 0.030100033 0.995785892
1341846316.838029 0.163478002 -0.009517160 0.005720010 0.018858673 0.082799740 0.032430645 0.995859802
1341846316.870034 0.147784725 -0.013404249 0.007146067 0.019110078 0.080452770 0.033036821 0.996027470
1341846316.906344 0.141675889 -0.011377457 0.004507767 0.020514172 0.077238895 0.031694423 0.996297538
1341846316.937940 0.138613284 -0.008590833 -0.001947329 0.020771107 0.075688429 0.029644150 0.996474326
1341846316.973994 0.126252025 -0.006611251 0.003162919 0.020175744 0.074689135 0.029377155 0.996569872
1341846317.005913 0.120540112 -0.007284359 0.005635280 0.019182499 0.071605094 0.030838214 0.996771634
1341846317.037936 0.109660067 -0.010876372 0.011668763 0.019563874 0.069800116 0.028679039 0.996956706
1341846317.073972 0.113421232 -0.015776105 0.009437935 0.020056903 0.066724084 0.031012325 0.997087657
1341846317.106113 0.097575329 -0.018618101 0.006847153 0.022204757 0.066453576 0.033885151 0.996966720
1341846317.137887 0.092854559 -0.017748844 0.004769429 0.025570728 0.059569359 0.038781613 0.997142732
1341846317.173970 0.083689019 -0.014183771 0.008575544 0.027141120 0.053025313 0.041202445 0.997373581
1341846317.205887 0.082695499 -0.014212491 0.011519827 0.027392395 0.049867801 0.042442877 0.997477591
1341846317.248131 0.069675498 -0.016177621 0.014792450 0.028637307 0.047885127 0.044487059 0.997450709
1341846317.306289 0.061804760 -0.012931306 0.013259252 0.030318351 0.041116469 0.047467820 0.997565567
1341846317.348137 0.057416841 -0.018106328 0.014899816 0.030846687 0.042242397 0.047807518 0.997486115
1341846317.410120 0.042868298 -0.011057399 0.014120053 0.033390258 0.041765440 0.054209545 0.997096777
1341846317.442569 0.035670903 -0.021941930 0.016474364 0.034836732 0.042425014 0.056071211 0.996916533
1341846317.474010 0.029770689 -0.021824252 0.019139366 0.040888935 0.042849645 0.060439181 0.996413112
1341846317.509927 0.014221480 -0.012087886 0.013356490 0.044560291 0.041404426 0.063151844 0.996148527
1341846317.542282 0.010950509 -0.010624888 0.018313728 0.043831710 0.038451981 0.064421088 0.996217906
1341846317.573943 0.008707494 -0.019045323 0.015046803 0.042556036 0.039109379 0.062037997 0.996398866
1341846317.610159 -0.000672485 -0.024166327 0.013162513 0.044948269 0.041164245 0.063202165 0.996137857
1341846317.643553 -0.014433627 -0.013273242 0.024987245 0.048183974 0.041503716 0.064799853 0.995869815
1341846317.677993 -0.026130604 -0.019913534 0.027453639 0.048582897 0.038655460 0.067433804 0.995790184
1341846317.709996 -0.031375263 -0.019834295 0.028417578 0.051185071 0.036043666 0.067728721 0.995737791
1341846317.741834 -0.045579549 -0.013012502 0.023022929 0.051661965 0.035901483 0.066323385 0.995812893
1341846317.777923 -0.053102169 -0.014493245 0.029411422 0.049732327 0.034805659 0.065469332 0.996006548
1341846317.810021 -0.068132840 -0.018878255 0.025745802 0.049098969 0.033898223 0.063494600 0.996197104
1341846317.841886 -0.078002997 -0.010660350 0.029038966 0.049128417 0.033445232 0.061101407 0.996360600
1341846317.878017 -0.085891031 -0.014650586 0.024415901 0.046118315 0.033144996 0.057305511 0.996739984
1341846317.909910 -0.082773231 -0.015767828 0.031827874 0.045379642 0.033292316 0.053634018 0.996973276
1341846317.946031 -0.095980301 -0.018202521 0.037536737 0.046558999 0.034833632 0.055243053 0.996778309
1341846317.978041 -0.097877227 -0.021046676 0.035927333 0.048477173 0.032621782 0.055913847 0.996724367
1341846318.009897 -0.095480539 -0.018356036 0.034044180 0.051021252 0.032087564 0.054186471 0.996710122
1341846318.045949 -0.115654185 -0.012583802 0.032294217 0.051661458 0.034417294 0.052007724 0.996715486
1341846318.078074 -0.126019791 -0.014519505 0.030345608 0.050769456 0.032828346 0.050797157 0.996877313
1341846318.109894 -0.129564852 -0.012629886 0.032801639 0.050981138 0.028141111 0.049795184 0.997060418
1341846318.145957 -0.134505913 -0.014674865 0.032585882 0.049802501 0.026169643 0.046642676 0.997326076
1341846318.178001 -0.145725355 -0.017605934 0.031372324 0.048708264 0.026898367 0.042847715 0.997530997
1341846318.214074 -0.162187502 -0.021866705 0.032397479 0.049428225 0.025758570 0.042096656 0.997557640
1341846318.245970 -0.172913641 -0.029471107 0.027482636 0.051754970 0.020360602 0.043083414 0.997522295
1341846318.278018 -0.179256454 -0.027554648 0.022640424 0.056001503 0.015281877 0.043564808 0.997362733
1341846318.313937 -0.184615657 -0.023799336 0.040160004 0.058138262 0.009170217 0.043483533 0.997318923
1341846318.345989 -0.192412212 -0.024749372 0.050990660 0.059804797 0.000026228 0.042723868 0.997295380
1341846318.382046 -0.202226266 -0.024063369 0.055179216 0.061761759 -0.006045489 0.040682938 0.997243106
1341846318.414072 -0.206151128 -0.029888900 0.048384491 0.062703647 -0.012998917 0.042666502 0.997035027
1341846318.446035 -0.225125715 -0.029618606 0.042073779 0.065026514 -0.018175863 0.041402686 0.996858597
1341846318.482196 -0.226014435 -0.027487300 0.038517114 0.066372916 -0.021053661 0.041317623 0.996716738
1341846318.514144 -0.237251595 -0.025847098 0.040708270 0.066724904 -0.021865452 0.041634530 0.996662557
1341846318.546259 -0.240415409 -0.031114820 0.044982404 0.067906618 -0.023334989 0.041194860 0.996567667
1341846318.582042 -0.251513690 -0.024235813 0.043302264 0.069881476 -0.022473915 0.041144188 0.996452987
1341846318.614115 -0.261989057 -0.026106669 0.039608210 0.069206893 -0.022766259 0.040642392 0.996514022
1341846318.650038 -0.273248672 -0.023735493 0.039249830 0.069085605 -0.023044314 0.036764275 0.996666670
1341846318.682350 -0.278203577 -0.025397783 0.039445728 0.068624794 -0.023909947 0.035840798 0.996711791
1341846318.714063 -0.288616955 -0.024606874 0.039662752 0.068218321 -0.024814261 0.034868423 0.996752083
1341846318.749905 -0.293948621 -0.030584041 0.035688784 0.068689592 -0.024958400 0.036982127 0.996639907
1341846318.782036 -0.311081320 -0.027348766 0.032786671 0.070684433 -0.024896841 0.037967622 0.996464908
1341846318.814121 -0.316686273 -0.030697478 0.032510608 0.070563592 -0.030562149 0.037872434 0.996319354
1341846318.850072 -0.334140211 -0.040962283 0.024434885 0.069830023 -0.035496127 0.034958381 0.996314049
1341846318.883516 -0.349584281 -0.043261979 0.003982862 0.072423786 -0.042737044 0.032480240 0.995928407
1341846318.918047 -0.346326679 -0.036538277 -0.002141969 0.075978413 -0.057089169 0.030710621 0.995000005
1341846318.950044 -0.369917810 -0.039599698 0.023982033 0.078361489 -0.063586116 0.029236963 0.994465411
1341846318.982028 -0.373875886 -0.036493797 0.023344122 0.080034003 -0.067624159 0.025753435 0.994162142
1341846319.018123 -0.384047359 -0.042582098 0.021906931 0.078781910 -0.073911801 0.027641553 0.993763745
1341846319.050745 -0.380616486 -0.046329550 0.026936037 0.080303326 -0.080859303 0.025966121 0.993145943
1341846319.081905 -0.379937619 -0.040396307 0.022539739 0.086519271 -0.080969565 0.023687143 0.992671788
1341846319.117976 -0.405044973 -0.034863867 0.013987087 0.089326084 -0.078906722 0.029186439 0.992442846
1341846319.150093 -0.407516897 -0.039650153 0.016921392 0.090473205 -0.084139436 0.036176614 0.991678596
1341846319.186069 -0.393136591 -0.028806264 0.018353421 0.092265680 -0.086788274 0.037449289 0.991237819
1341846319.218149 -0.407647848 -0.015174812 0.001345980 0.090085000 -0.080441512 0.034545340 0.992078900
1341846319.250034 -0.415523320 -0.014477052 0.008321195 0.083930217 -0.074631989 0.034258377 0.993082166
1341846319.286594 -0.425427079 -0.024080977 0.011853540 0.081516221 -0.071778283 0.037227221 0.993386686
1341846319.318034 -0.433095068 -0.023637438 0.018492447 0.082441352 -0.070934206 0.041071773 0.993219435
1341846319.350268 -0.448030263 -0.030337218 0.015058313 0.082792722 -0.070111677 0.047430620 0.992965281
1341846319.386163 -0.457607567 -0.034783278 0.007626332 0.083840974 -0.074451759 0.055970307 0.992116392
1341846319.418386 -0.461971045 -0.032874841 0.004589054 0.085211486 -0.079755329 0.056105062 0.991579711
1341846319.453961 -0.466437489 -0.028846197 0.007523912 0.086078480 -0.081539728 0.052137282 0.991576254
1341846319.486271 -0.482103586 -0.028019939 0.009156541 0.085218132 -0.081378117 0.051282268 0.991708398
1341846319.554083 -0.493784785 -0.028825719 0.020111306 0.080122918 -0.088172518 0.049927056 0.991621494
1341846319.586296 -0.507544875 -0.030115504 0.018893231 0.080510966 -0.087248094 0.045818441 0.991870165
1341846319.622031 -0.526204288 -0.028150383 0.000709452 0.079145148 -0.089704812 0.042852841 0.991893470
1341846319.653962 -0.530640602 -0.036270816 0.015863918 0.077965811 -0.095140308 0.041855879 0.991522968
1341846319.686352 -0.538577676 -0.037727308 0.013213455 0.079611368 -0.098885782 0.043694049 0.990946233
1341846319.721992 -0.545186400 -0.033162352 0.006547776 0.080322616 -0.102811381 0.044051263 0.990473449
1341846319.754063 -0.548920631 -0.014137028 0.010384453 0.078727253 -0.105441086 0.044079039 0.990323782
1341846319.786397 -0.554802775 -0.021206819 0.015222090 0.073674515 -0.105214380 0.047587935 0.990574241
1341846319.822008 -0.562168777 -0.022385893 0.009868563 0.070205539 -0.105839655 0.051596977 0.990558863
1341846319.853917 -0.564380407 -0.021888379 0.015064723 0.065052629 -0.107137494 0.056504887 0.990503371
1341846319.889942 -0.568920970 -0.033780146 0.016034493 0.061202276 -0.107691422 0.060900021 0.990428209
1341846319.922039 -0.576967716 -0.042454988 0.008797095 0.060350597 -0.111829296 0.062744886 0.989906609
1341846319.953946 -0.574193001 -0.040684767 0.026110495 0.061538696 -0.118709601 0.058382332 0.989298999
1341846319.990054 -0.572941840 -0.038006648 0.019789178 0.064479612 -0.121447593 0.051541202 0.989159465
1341846320.028122 -0.575216949 -0.038078208 0.017202342 0.066595361 -0.125203684 0.050860833 0.988586009
1341846320.090047 -0.557470977 -0.029105846 0.026190670 0.072258927 -0.133600101 0.051927626 0.987032533
1341846320.122011 -0.549198806 -0.027454613 0.029490532 0.073029585 -0.131563067 0.053092454 0.987187445
1341846320.157952 -0.543580890 -0.026691219 0.034247309 0.073646598 -0.128858790 0.052839011 0.987511873
1341846320.190003 -0.528046548 -0.034245998 0.034042083 0.076158226 -0.125876635 0.050850172 0.987810373
1341846320.221941 -0.526415884 -0.036566351 0.035596706 0.079649031 -0.122142471 0.052946348 0.987893701
1341846320.258015 -0.516632259 -0.039383534 0.032492008 0.083533138 -0.121558048 0.055147905 0.987524450
1341846320.289887 -0.505143762 -0.045537997 0.035514224 0.088800848 -0.122790717 0.056184426 0.986853659
1341846320.321954 -0.496115446 -0.040932871 0.029017787 0.098631926 -0.123527974 0.054664209 0.985912979
1341846320.357890 -0.478570461 -0.034280270 0.042983845 0.103739507 -0.124179505 0.056597915 0.985197604
1341846320.390064 -0.461409509 -0.035195440 0.018010838 0.105147213 -0.120060764 0.055914775 0.985597789
1341846320.426544 -0.426693171 -0.037188161 0.033846579 0.107408121 -0.114119478 0.053458035 0.986195982
1341846320.458122 -0.429504186 -0.039187286 0.045209866 0.108056761 -0.106577016 0.051544677 0.987070560
1341846320.490186 -0.414139330 -0.037761658 0.028992794 0.113093555 -0.098261729 0.048221361 0.987536907
1341846320.525911 -0.409140229 -0.040142711 0.026099134 0.115820095 -0.090928793 0.047117941 0.987976491
1341846320.558091 -0.398752809 -0.035122376 0.034688041 0.116704129 -0.087676361 0.044464551 0.988289416
1341846320.594093 -0.380458117 -0.037712757 0.049357310 0.117803469 -0.083252639 0.041245576 0.988681018
1341846320.631955 -0.371589720 -0.035315074 0.038979057 0.120595187 -0.075100489 0.040001564 0.989048302
1341846320.664916 -0.358061373 -0.033802148 0.044785518 0.120383970 -0.073615417 0.038852103 0.989231527
1341846320.699927 -0.342642158 -0.038193423 0.043201715 0.120267563 -0.070215441 0.036998503 0.989563823
1341846320.731822 -0.326458782 -0.033046037 0.037418298 0.122603729 -0.064040594 0.036684427 0.989707708
1341846320.763877 -0.332773924 -0.001135238 0.040693171 0.121867932 -0.061836731 0.037200116 0.989919484
1341846320.799999 -0.318992645 -0.030405380 0.030805217 0.112938717 -0.063513413 0.032069776 0.991051197
1341846320.831871 -0.267993450 -0.032710228 0.025209650 0.115378901 -0.054193050 0.027642556 0.991456866
1341846320.863887 -0.310666442 -0.016241394 0.039342616 0.114304274 -0.043236516 0.028202593 0.992103696
1341846320.900014 -0.292838514 -0.032348935 0.033203471 0.106123239 -0.049520425 0.033969745 0.992537975
1341846320.931889 -0.258478045 -0.039288003 0.040510073 0.107420661 -0.050188161 0.032108560 0.992426813
1341846320.967866 -0.266276717 -0.013419347 0.029537274 0.108130671 -0.043764573 0.029082263 0.992747009
1341846321.000017 -0.267704695 -0.023614129 0.024328003 0.101175115 -0.043039322 0.027034797 0.993569493
1341846321.031860 -0.249795258 -0.036262412 0.020753421 0.098344587 -0.042981602 0.025155837 0.993905544
1341846321.068047 -0.240867063 -0.026318759 0.029911077 0.099434339 -0.039595701 0.022454640 0.994002402
1341846321.099840 -0.235094100 -0.025048181 0.026214084 0.097198173 -0.038463175 0.023308711 0.994248331
1341846321.131821 -0.215355560 -0.038798220 0.030886058 0.096742772 -0.037199061 0.024496363 0.994312346
1341846321.167887 -0.209249407 -0.033390403 0.032194585 0.099647857 -0.033079095 0.025273917 0.994151592
1341846321.200042 -0.207422197 -0.027741311 0.032818798 0.100342311 -0.030225154 0.024704857 0.994186878
1341846321.231950 -0.194229618 -0.035173565 0.036769718 0.099389248 -0.029608978 0.023751896 0.994324386
1341846321.267939 -0.181000188 -0.028848963 0.025523940 0.100221731 -0.027524525 0.018175697 0.994418263
1341846321.299948 -0.172205448 -0.031371411 0.031541534 0.098970808 -0.023488471 0.012647274 0.994732738
1341846321.331858 -0.171222880 -0.036139648 0.036741652 0.098789170 -0.020241275 0.008759009 0.994863927
1341846321.367913 -0.147959366 -0.041529290 0.034895845 0.099924169 -0.018631330 0.005040612 0.994807839
1341846321.399897 -0.143491343 -0.036271051 0.031872306 0.102181874 -0.013258837 0.003691147 0.994670510
1341846321.435994 -0.140140370 -0.040492401 0.040507693 0.103523612 -0.009603597 0.003361374 0.994574964
1341846321.467946 -0.128359318 -0.039440032 0.037485659 0.105371565 -0.007496911 0.004239427 0.994395614
1341846321.499882 -0.115226962 -0.039314829 0.042378496 0.106786259 -0.004901512 0.004615026 0.994259238
1341846321.536109 -0.090724424 -0.028110463 0.024216074 0.106923185 -0.000436078 0.002134332 0.994264901
1341846321.568960 -0.097317584 -0.019702606 0.049941935 0.104396760 0.007179445 -0.001425178 0.994508803
1341846321.603938 -0.099787556 -0.027981369 0.045531310 0.100581609 0.010123210 -0.000963968 0.994876862
1341846321.637163 -0.055475269 -0.020332102 0.020581184 0.098097362 0.012696968 -0.000833661 0.995095491
1341846321.668306 -0.069067970 -0.017510334 0.052853651 0.094049983 0.023031622 0.001537092 0.995299876
1341846321.704411 -0.093234584 -0.023209885 0.054729853 0.090625010 0.025990667 0.008670899 0.995508134
1341846321.736861 -0.079891548 -0.024026038 0.055632938 0.089370824 0.023023592 0.017087700 0.995585680
1341846321.771881 -0.066846043 -0.008508881 0.049357757 0.087679707 0.022740986 0.021557322 0.995655775
1341846321.804114 -0.057712015 -0.013024285 0.055253763 0.083057731 0.024659110 0.025039867 0.995924890
1341846321.836152 -0.060612265 -0.004546964 0.060037084 0.080710649 0.027769946 0.024711037 0.996044159
1341846321.871882 -0.053110193 0.003812302 0.058929458 0.075634576 0.028624104 0.023534879 0.996446788
1341846321.904074 -0.045374710 -0.003226683 0.058515079 0.068542503 0.029797651 0.020317603 0.996996105
1341846321.939847 -0.041448273 -0.007953369 0.062967226 0.064270213 0.032784272 0.017421786 0.997241676
1341846322.004094 -0.048202310 -0.012408074 0.065137498 0.057299368 0.031246612 0.016797664 0.997726560
1341846322.066178 -0.027507156 -0.020563068 0.059906397 0.052161805 0.034983866 0.014511193 0.997920156
1341846322.107979 -0.033678275 -0.033757798 0.066699319 0.049653072 0.037531439 0.012580545 0.997981787
1341846322.166164 -0.032700095 -0.055817120 0.063661598 0.052419212 0.037152082 0.012931628 0.997850001
1341846322.202932 -0.032114778 -0.059314787 0.062051564 0.053988479 0.034946509 0.012982962 0.997845352
1341846322.234093 -0.030000271 -0.063360475 0.058057714 0.052746095 0.033369325 0.010792594 0.997991860
1341846322.265941 -0.031779975 -0.072834037 0.061032306 0.050331671 0.030561509 0.011426385 0.998199403
1341846322.301996 -0.020978292 -0.087659612 0.060320262 0.048065983 0.027985988 0.012801119 0.998369932
1341846322.333949 -0.029560955 -0.100097984 0.057654064 0.047136687 0.026730567 0.012379593 0.998453975
1341846322.369871 -0.021090876 -0.116598539 0.059570000 0.047549360 0.020788202 0.009128367 0.998610795
1341846322.402292 -0.005333527 -0.129054114 0.059350807 0.049392696 0.021162352 0.003410498 0.998549342
1341846322.433955 -0.019123515 -0.153096214 0.059087873 0.054007906 0.024102971 -0.001345729 0.998248637
1341846322.470030 -0.017917706 -0.159621701 0.068420045 0.062594846 0.019533068 0.001758299 0.997846305
1341846322.502433 -0.007277917 -0.176297843 0.061377581 0.068247348 0.015945531 0.005346145 0.997526646
1341846322.534002 -0.001654011 -0.193276897 0.058581334 0.076468624 0.015373445 0.005196888 0.996939898
1341846322.570196 -0.005188572 -0.202530697 0.062674686 0.085829869 0.015537352 0.008641024 0.996151149
1341846322.601920 -0.008613220 -0.206783935 0.055876438 0.091809206 0.012672065 0.012622610 0.995615959
1341846322.638119 0.006100900 -0.218765095 0.062906303 0.097316436 0.008598877 0.012313923 0.995140135
1341846322.669947 0.017649306 -0.224359915 0.065681167 0.101880319 0.011077831 0.011622106 0.994667113
1341846322.702026 0.005145474 -0.239920810 0.061945777 0.104141928 0.013742910 0.013758254 0.994372308
1341846322.738006 0.010783380 -0.235404879 0.064552061 0.106473930 0.010507399 0.015477215 0.994139493
1341846322.770087 0.016444877 -0.254394889 0.070529468 0.106093749 0.011130021 0.014945515 0.994181514
1341846322.806047 0.006453299 -0.266792595 0.070843823 0.109373644 0.011594897 0.016497491 0.993796170
1341846322.838063 0.004815871 -0.269933462 0.071680002 0.111615449 0.007014686 0.018844971 0.993548036
1341846322.870081 0.008485993 -0.285532832 0.075626001 0.113457568 0.002035856 0.019441362 0.993350565
1341846322.906018 0.022817522 -0.290162891 0.080213718 0.118373312 -0.000301646 0.020294666 0.992761672
1341846322.938349 0.022324067 -0.272658855 0.083074540 0.119975507 0.000732274 0.021256341 0.992549002
1341846322.970069 0.020746602 -0.276442766 0.083519191 0.115347117 0.000572922 0.022539424 0.993069291
1341846323.011820 0.027085623 -0.296798617 0.085596830 0.111962110 0.000573665 0.023315115 0.993438780
1341846323.073951 0.022509644 -0.294460237 0.089295149 0.109444879 0.000580729 0.027631372 0.993608594
1341846323.105962 0.027233304 -0.315906644 0.089081973 0.106007792 0.000466151 0.027461845 0.993985891
1341846323.138158 0.023314064 -0.315391541 0.092130855 0.107106552 0.000972943 0.023051120 0.993979812
1341846323.174092 0.022905385 -0.319025487 0.088163175 0.104678124 0.000355918 0.022719575 0.994246542
1341846323.206059 0.030471504 -0.323360085 0.088721670 0.102037407 -0.000543141 0.020241970 0.994574428
1341846323.238053 0.038071129 -0.322766125 0.087987602 0.099880509 0.001906482 0.018759144 0.994820714
1341846323.273997 0.014355921 -0.321083307 0.090540871 0.096173316 0.003659968 0.018682532 0.995182514
1341846323.305946 0.023364639 -0.333772182 0.092121288 0.090431504 -0.000908825 0.019932171 0.995702744
1341846323.342027 0.051213492 -0.352964133 0.091747709 0.087665290 -0.000896516 0.018648557 0.995975018
1341846323.374048 0.025876570 -0.360369802 0.094694920 0.088031188 0.004215920 0.019430796 0.995919228
1341846323.405987 0.011426086 -0.369750321 0.090027027 0.088242963 0.000822668 0.024223849 0.995804012
1341846323.441956 0.029649176 -0.381610870 0.094123200 0.089072540 -0.004289947 0.026723573 0.995657325
1341846323.473878 0.034916751 -0.393155694 0.093195163 0.092977181 -0.003041434 0.025299555 0.995342135
1341846323.506129 0.026560048 -0.381775439 0.092055544 0.096296482 -0.002763576 0.022780616 0.995088160
1341846323.541972 0.036843821 -0.385475874 0.089760251 0.094607495 -0.003421636 0.021225493 0.995282471
1341846323.573913 0.051391479 -0.407520741 0.076963700 0.093340471 0.000579083 0.014174267 0.995533168
1341846323.609927 0.038129099 -0.406720161 0.085447624 0.094068587 0.007383029 0.011040092 0.995477080
1341846323.642014 0.025364857 -0.417025566 0.087939471 0.092853457 0.009500009 0.011657440 0.995566249
1341846323.674081 0.024982262 -0.429332048 0.086654373 0.092674233 0.007816642 0.014001643 0.995567381
1341846323.710069 0.026693320 -0.446792692 0.085919552 0.093847297 0.006453754 0.018064225 0.995401800
1341846323.742111 0.022122573 -0.454925388 0.086137064 0.098516680 0.004899543 0.018660039 0.994948387
1341846323.774928 0.022799239 -0.448602855 0.083692439 0.102565512 0.002684187 0.015604544 0.994600236
1341846323.810012 0.026885204 -0.453180730 0.084223665 0.103883214 0.001336772 0.012345534 0.994511962
1341846323.842207 0.029807225 -0.460840374 0.078207090 0.104963258 0.001206850 0.007695857 0.994445622
1341846323.878019 0.028234927 -0.471045613 0.080412693 0.105359189 0.000030483 0.004070335 0.994425893
1341846323.909826 0.025240052 -0.482836783 0.073186889 0.108682267 -0.000869966 -0.001112163 0.994075537
1341846323.942459 0.021618437 -0.482378125 0.072633751 0.112587504 -0.000743237 -0.001487304 0.993640423
1341846323.978055 0.016385103 -0.487222433 0.071321286 0.114822648 -0.003461759 0.000018766 0.993380010
1341846324.015934 0.026403371 -0.490293056 0.067371860 0.118493661 -0.006038571 0.000053442 0.992936432
1341846324.047722 0.030384751 -0.486274570 0.068264604 0.121654138 -0.004767936 -0.000681014 0.992560863
1341846324.083904 0.031101814 -0.470288962 0.073018230 0.122387305 -0.003419815 -0.000919809 0.992476106
1341846324.115968 0.033487976 -0.468429029 0.068208225 0.120186366 -0.001920450 -0.002944584 0.992745101
1341846324.151967 0.040072940 -0.464082181 0.067166843 0.119549684 0.000615317 -0.006985939 0.992803454
1341846324.183941 0.030607784 -0.443919837 0.068267345 0.117641665 0.005377077 -0.010596916 0.992985010
1341846324.219984 0.022646353 -0.445384830 0.076811329 0.113092087 0.007645875 -0.010206975 0.993502676
1341846324.251968 0.023725154 -0.447955757 0.077229664 0.112275064 0.007524060 -0.010383624 0.993594408
1341846324.284052 0.015609073 -0.433390886 0.079371303 0.113156646 0.007294868 -0.011542168 0.993483305
1341846324.319880 0.017039262 -0.417286009 0.071640335 0.112146281 0.003219706 -0.011456031 0.993620396
1341846324.351917 0.017430568 -0.402393252 0.076335110 0.109028026 0.000299071 -0.013082749 0.993952513
1341846324.388001 0.023784267 -0.392996877 0.076248087 0.104736790 0.000100566 -0.016938007 0.994355738
1341846324.419908 0.018579191 -0.380108982 0.079278499 0.100156642 0.002634813 -0.019752538 0.994772136
1341846324.452027 0.016343985 -0.384337813 0.085143775 0.094978631 0.002780979 -0.019510750 0.995284200
1341846324.487928 0.012573878 -0.376828879 0.087453790 0.093756393 0.002528978 -0.017804617 0.995432734
1341846324.519985 0.001968025 -0.362184197 0.088493221 0.092536718 0.001059583 -0.013095323 0.995622575
1341846324.556001 0.004063959 -0.345788181 0.087075591 0.091126271 -0.004389371 -0.008851781 0.995790303
1341846324.587888 0.006709640 -0.330700666 0.092112496 0.087938637 -0.007634171 -0.006257155 0.996077001
1341846324.620086 0.007613011 -0.329396456 0.088328980 0.085309386 -0.010048913 -0.008553460 0.996267140
1341846324.655955 0.011425070 -0.315716118 0.088215828 0.084248252 -0.011310088 -0.009851667 0.996331930
1341846324.688082 0.010562055 -0.314663589 0.094840899 0.083257124 -0.011347718 -0.008425867 0.996427834
1341846324.755922 -0.006924047 -0.273812950 0.092900291 0.085404716 -0.013720325 -0.004674540 0.996240914
1341846324.814016 0.015523108 -0.237867385 0.091125637 0.080758050 -0.020710222 -0.007353543 0.996491432
1341846324.849979 0.001895834 -0.234626234 0.100905649 0.074568316 -0.016747013 -0.009797471 0.997027159
1341846324.881924 -0.005250892 -0.231014550 0.107168853 0.071624734 -0.017803503 -0.010141101 0.997221231
1341846324.913902 -0.001720073 -0.221547306 0.103980266 0.070738584 -0.019259779 -0.007280244 0.997282386
1341846324.949999 -0.002494370 -0.226799846 0.106070384 0.070501260 -0.019460512 -0.004019239 0.997313797
1341846324.981922 -0.014374332 -0.218598619 0.111567140 0.075217314 -0.021304762 -0.000772722 0.996939301
1341846325.018013 -0.011561526 -0.206773847 0.107803293 0.079585887 -0.027140122 0.002030028 0.996456444
1341846325.050079 -0.019546293 -0.192416057 0.102964029 0.081661448 -0.031300806 0.000426781 0.996168375
1341846325.081901 -0.017241666 -0.171301544 0.098329686 0.081293672 -0.036605809 -0.001650678 0.996016383
1341846325.118531 -0.004040168 -0.156301692 0.097817689 0.077171490 -0.038970716 -0.003432637 0.996250033
1341846325.149933 -0.005751999 -0.157884017 0.103152618 0.071025312 -0.036577258 -0.005134432 0.996790469
1341846325.181925 -0.007678780 -0.150617525 0.106066793 0.068089724 -0.035672676 -0.002612448 0.997037828
1341846325.218055 -0.010759032 -0.145274490 0.108913101 0.065159686 -0.035189550 0.001670564 0.997252762
1341846325.249811 -0.013818149 -0.137690097 0.110737436 0.063198730 -0.035193779 0.005203414 0.997366667
1341846325.285925 -0.009303959 -0.126640067 0.110511653 0.060722847 -0.036036756 0.008107888 0.997470975
1341846325.317988 0.001653057 -0.130838469 0.111847602 0.057966374 -0.034290098 0.010807135 0.997670949
1341846325.349844 -0.002293182 -0.134228989 0.116733983 0.060495783 -0.029152038 0.013097070 0.997656763
1341846325.387302 -0.000663759 -0.119612500 0.122160293 0.065780543 -0.026618514 0.016051777 0.997349858
1341846325.417931 0.012545738 -0.117557451 0.118161812 0.067636557 -0.022482518 0.020153761 0.997253060
1341846325.450747 0.013189148 -0.120339148 0.125247031 0.072833508 -0.013776791 0.021022942 0.997027338
1341846325.485954 0.000966790 -0.102318980 0.136444256 0.081620611 -0.006524081 0.023485867 0.996365368
1341846325.517875 0.000739606 -0.092694029 0.133715287 0.085286535 -0.004095152 0.025912395 0.996011078
1341846325.553859 -0.004532858 -0.086584687 0.125900909 0.088467985 0.000143977 0.024331219 0.995781839
1341846325.585855 -0.006059404 -0.066528141 0.131052285 0.091259852 0.002728321 0.023007285 0.995557547
1341846325.617990 -0.007763474 -0.046364002 0.128769055 0.088849716 0.004476236 0.021369940 0.995805740
1341846325.653982 -0.014705407 -0.063747600 0.134483710 0.084696077 0.006732702 0.019152716 0.996199965
1341846325.685819 -0.012343952 -0.061457746 0.133389339 0.090332977 0.007912823 0.020445064 0.995670259
1341846325.717857 -0.019191142 -0.045387007 0.139764369 0.095156632 0.009239251 0.027349802 0.995043635
1341846325.754083 -0.019740215 -0.048114210 0.137405783 0.097758502 0.009440728 0.030916406 0.994685054
1341846325.786087 -0.015385508 -0.037526794 0.141694143 0.104724064 0.009574157 0.032491352 0.993924320
1341846325.821856 -0.015283384 -0.022027547 0.140853822 0.108509019 0.011271233 0.034195513 0.993443191
1341846325.853827 -0.023950748 -0.015003913 0.145360395 0.109214514 0.012251153 0.037511207 0.993234634
1341846325.885958 -0.039108362 -0.001504558 0.138145447 0.109871835 0.010458466 0.042684264 0.992973745
1341846325.921984 -0.034329679 0.001802436 0.148445040 0.108812243 0.006152938 0.047139812 0.992924929
1341846325.953899 -0.022461588 0.005702342 0.151863009 0.111809187 0.005812431 0.049407229 0.992483675
1341846325.985823 -0.022311253 0.018840654 0.152628720 0.114799120 0.008653324 0.053459872 0.991911471
1341846326.021991 -0.030630331 0.020112025 0.152151138 0.117208198 0.009443415 0.058874052 0.991315782
1341846326.054055 -0.021755531 0.028845983 0.156659886 0.122091189 0.007953483 0.062944189 0.990489066
1341846326.089984 -0.016323283 0.051204238 0.156765863 0.125650167 0.009559277 0.061687727 0.990108728
1341846326.121822 -0.020597039 0.061992679 0.162869915 0.125369355 0.013977381 0.059230007 0.990241885
1341846326.154079 -0.022868047 0.059561007 0.165486380 0.125206381 0.016213970 0.058494125 0.990272164
1341846326.190178 -0.025787566 0.072264068 0.168022379 0.127767086 0.015902746 0.061116908 0.989791632
1341846326.222162 -0.031046523 0.090889081 0.163711607 0.127652228 0.014375157 0.066439718 0.989486754
1341846326.259181 -0.031831678 0.103641629 0.170923144 0.124688581 0.011748944 0.070355587 0.989628613
1341846326.322766 -0.026491607 0.125356898 0.181291223 0.117300428 0.011059702 0.068990037 0.990635514
1341846326.359773 -0.025791544 0.129630923 0.182007521 0.113198511 0.012469568 0.067051895 0.991228878
1341846326.392109 -0.019981077 0.120792136 0.186685860 0.110764429 0.013821973 0.069194511 0.991338670
1341846326.423985 -0.026977660 0.126878455 0.186630458 0.115020700 0.015400629 0.074224472 0.990466475
1341846326.459869 -0.031227596 0.143744081 0.186177790 0.117766961 0.013006778 0.077348061 0.989938915
1341846326.526163 -0.019783465 0.179784924 0.192069724 0.118329592 0.013747638 0.077240109 0.989870250
1341846326.560211 -0.020459674 0.187900737 0.203754246 0.113223530 0.017465403 0.077685073 0.990373850
1341846326.591828 -0.024594309 0.192212522 0.201967239 0.109800532 0.019946543 0.079083398 0.990601718
1341846326.627027 -0.022446301 0.205379501 0.204765707 0.109834552 0.021309730 0.078450404 0.990619898
1341846326.658442 -0.018971462 0.223880708 0.210603356 0.108393595 0.024717618 0.076722279 0.990834773
1341846326.694856 -0.030537093 0.230874762 0.204986140 0.104229942 0.029233953 0.076230809 0.991196394
1341846326.726206 -0.032572445 0.243743703 0.203640059 0.098443955 0.030534476 0.074050888 0.991913736
1341846326.762753 -0.025636896 0.259441197 0.205905303 0.092816941 0.032566659 0.071785808 0.992557943
1341846326.826821 -0.031149227 0.292425960 0.209607631 0.078231819 0.038592897 0.066723362 0.993950903
1341846326.858887 -0.034582399 0.294641376 0.215614468 0.070197560 0.039979290 0.065442435 0.994580925
1341846326.895360 -0.042185176 0.285953909 0.227253810 0.067022838 0.040525641 0.067469932 0.994642377
1341846326.926897 -0.045078274 0.293072313 0.230601698 0.068925515 0.037161607 0.068855457 0.994548738
1341846326.958888 -0.037079141 0.306428343 0.225703403 0.071598746 0.033982683 0.072396845 0.994222045
1341846326.994594 -0.033076130 0.322416037 0.222166166 0.072622538 0.034128904 0.074725665 0.993970454
1341846327.026301 -0.033299349 0.338931829 0.223110378 0.071275041 0.035607714 0.072503507 0.994180679
1341846327.063945 -0.029807843 0.342186153 0.232133389 0.067497894 0.037904799 0.069625542 0.994565010
1341846327.094662 -0.031869881 0.350067288 0.233591989 0.067114994 0.040050682 0.068060547 0.994615138
1341846327.128901 -0.034448866 0.361169130 0.237558573 0.066450693 0.040345177 0.066799156 0.994733334
1341846327.161940 -0.032144431 0.370070815 0.234321952 0.065077148 0.038689479 0.066207714 0.994929433
1341846327.193867 -0.026574859 0.376205623 0.238752216 0.064132616 0.039906546 0.064404503 0.995061040
1341846327.229885 -0.026681220 0.388429672 0.238517359 0.064917959 0.043600455 0.062020872 0.995006561
1341846327.262014 -0.017203098 0.402586728 0.241226032 0.064635858 0.047039568 0.059364740 0.995030284
1341846327.294023 -0.007679299 0.410034627 0.241682708 0.067787804 0.058790147 0.054593023 0.994468749
1341846327.330015 -0.019779474 0.434408128 0.230608076 0.070986003 0.069363534 0.050310131 0.993790030
1341846327.361939 -0.024492512 0.444679141 0.240906864 0.067820109 0.075663634 0.044233624 0.993840456
1341846327.393887 -0.025873315 0.452472299 0.252561331 0.066727266 0.078092895 0.038272642 0.993973970
1341846327.429966 -0.033465635 0.474209636 0.252017349 0.065484360 0.078061238 0.038884688 0.994035304
1341846327.461965 -0.044593245 0.488084733 0.252969831 0.056549445 0.074105978 0.036278103 0.994984627
1341846327.497931 -0.029657386 0.493751526 0.262299836 0.052038461 0.071191855 0.035034914 0.995487988
1341846327.530068 -0.032997325 0.506681383 0.266381592 0.050983723 0.071894951 0.039309975 0.995332360
1341846327.561895 -0.035296746 0.520475626 0.275218487 0.050640699 0.069704786 0.044442344 0.995289683
1341846327.598010 -0.038653690 0.521082282 0.276295722 0.051397916 0.066968419 0.049074795 0.995221138
1341846327.629945 -0.041052140 0.538698018 0.283567399 0.052134223 0.062100496 0.048678193 0.995517910
1341846327.662003 -0.038444292 0.541743875 0.288201749 0.051447928 0.058885444 0.044066995 0.995963693
1341846327.697919 -0.042115066 0.560214281 0.285048574 0.054476961 0.058408152 0.045242168 0.995778024
1341846327.730075 -0.045316931 0.585438907 0.287603080 0.051137183 0.057647813 0.045679804 0.995979428
1341846327.766017 -0.043639272 0.589357734 0.289282292 0.045648724 0.056895629 0.046871200 0.996234000
1341846327.797917 -0.045852896 0.608347714 0.288565576 0.041946866 0.056596924 0.048768494 0.996322691
1341846327.830054 -0.044257253 0.610738456 0.292994827 0.034075219 0.055904407 0.048767172 0.996662080
1341846327.865944 -0.035883881 0.622760653 0.291374654 0.031252313 0.056072965 0.049792442 0.996694446
1341846327.898010 -0.043212127 0.633160412 0.298155636 0.028582050 0.057712331 0.050405022 0.996650219
1341846327.929991 -0.046173036 0.641551554 0.298412621 0.024192302 0.056490295 0.048006676 0.996954858
1341846327.966065 -0.041658934 0.656033099 0.297951251 0.020573260 0.056128006 0.046041224 0.997149229
1341846327.998073 -0.040580180 0.663654864 0.296900362 0.013908154 0.056881435 0.043890860 0.997318745
1341846328.034045 -0.042951610 0.663776994 0.298200220 0.007037934 0.058359500 0.041353028 0.997413933
1341846328.065993 -0.041236810 0.671547055 0.298115015 0.002655584 0.058519330 0.042461254 0.997379303
1341846328.098045 -0.040534601 0.656909406 0.301311970 0.000186892 0.058888286 0.043565106 0.997313499
1341846328.133967 -0.047532152 0.652377188 0.298609376 0.002653876 0.058846854 0.046827577 0.997164547
1341846328.166023 -0.048211433 0.652517438 0.293804586 0.002883920 0.055284802 0.048263691 0.997299254
1341846328.198018 -0.050937623 0.628295124 0.295475602 0.000539589 0.053215440 0.044499874 0.997590899
1341846328.234044 -0.050390929 0.616047263 0.291429013 0.002936980 0.051818553 0.043721266 0.997694671
1341846328.265899 -0.046933196 0.610310674 0.293499649 0.005566422 0.049194705 0.044520482 0.997780979
1341846328.302051 -0.047039974 0.589114130 0.298827142 0.007722460 0.049062375 0.044586916 0.997770131
1341846328.333917 -0.048381247 0.571016192 0.291773677 0.010181682 0.049283110 0.046446670 0.997652352
1341846328.366008 -0.054359786 0.549985051 0.303378642 0.015422328 0.049431764 0.044044703 0.997686684
1341846328.402010 -0.052299306 0.536965847 0.302186102 0.028941989 0.051261067 0.046552628 0.997179806
1341846328.433920 -0.049355645 0.518980742 0.280395895 0.031381957 0.049161904 0.047324166 0.997175336
1341846328.470003 -0.036365725 0.499794155 0.268776178 0.031077426 0.046454810 0.040236689 0.997625768
1341846328.502194 -0.030726904 0.466486514 0.267455280 0.030741988 0.048578743 0.032713257 0.997810066
1341846328.534033 -0.031310737 0.454746783 0.269262403 0.032715023 0.051660854 0.031226333 0.997640133
1341846328.570125 -0.035326846 0.423140377 0.260638118 0.032917198 0.052848592 0.030136134 0.997604787
1341846328.602804 -0.035980131 0.378772616 0.247207180 0.034199983 0.047300410 0.035009380 0.997681022
1341846328.672663 -0.036584027 0.356417924 0.251980662 0.047330655 0.035143763 0.031464599 0.997764885
1341846328.702975 -0.024186827 0.346147060 0.249476597 0.050306309 0.030448869 0.030755762 0.997795701
1341846328.770129 -0.015280077 0.311489671 0.238288999 0.058186188 0.027024763 0.028167166 0.997542262
1341846328.802331 -0.012847968 0.295455068 0.240664184 0.058822032 0.023699190 0.029116901 0.997562289
1341846328.838051 -0.008538502 0.279835314 0.233691916 0.062753469 0.021728637 0.024578640 0.997489691
1341846328.869939 -0.009057980 0.283907950 0.225678995 0.063711412 0.020604176 0.024042219 0.997465968
1341846328.904486 -0.009755826 0.262386322 0.224598393 0.058442250 0.017758837 0.024063852 0.997842729
1341846328.939814 -0.001068930 0.229321659 0.233376831 0.060410067 0.014173109 0.023983011 0.997784793
1341846328.970217 -0.000464433 0.231034145 0.224226698 0.064868525 0.012600738 0.027425434 0.997437298
1341846329.006232 0.002794139 0.217821583 0.216663972 0.065442853 0.009874795 0.032097600 0.997291088
1341846329.038243 0.005076150 0.195094153 0.214127436 0.068506852 0.009221337 0.031482458 0.997111142
1341846329.106125 0.004793407 0.195019513 0.209120214 0.072242223 0.009155040 0.030268602 0.996885657
1341846329.138340 0.008671888 0.176990956 0.204487458 0.073318839 0.008027775 0.028503610 0.996868789
1341846329.169991 0.009759397 0.177242443 0.199523568 0.075526386 0.006890396 0.027661007 0.996736228
1341846329.208656 0.011487420 0.168674827 0.196354419 0.075880460 0.006013371 0.026314950 0.996751487
1341846329.238169 0.011001213 0.169731796 0.192502826 0.075950660 0.005283137 0.025759414 0.996764779
1341846329.273827 0.013762670 0.151978686 0.185853168 0.073454306 0.004017579 0.026676128 0.996933639
1341846329.306052 0.013447330 0.153516233 0.184138492 0.074744783 0.001593686 0.025934465 0.996864080
1341846329.338104 0.019102825 0.153234631 0.182171911 0.071368188 -0.000557251 0.024268435 0.997154593
1341846329.373907 0.019090869 0.128914803 0.182082012 0.066828154 -0.001220212 0.022567028 0.997508526
1341846329.405985 0.020073213 0.117090568 0.177353710 0.067736886 -0.002772251 0.020376109 0.997491300
1341846329.442057 0.020234961 0.117654435 0.173919827 0.067709625 -0.003294087 0.016665105 0.997560441
1341846329.473950 0.018828012 0.102268398 0.172163025 0.066292875 -0.004169635 0.010178673 0.997739553
1341846329.506147 0.017976111 0.096358590 0.170511678 0.066654861 -0.005956940 0.007385293 0.997730970
1341846329.542121 0.015771555 0.084546953 0.164168924 0.064724460 -0.008840902 0.007198491 0.997838020
1341846329.574086 0.021730945 0.063892089 0.163534984 0.066155076 -0.011590575 0.006487424 0.997720897
1341846329.606387 0.026408330 0.062815398 0.159511954 0.069035582 -0.012535553 0.004943613 0.997523189
1341846329.641955 0.017389584 0.057107590 0.153331488 0.068976410 -0.012764660 0.004674797 0.997525692
1341846329.681570 0.015744682 0.047007393 0.152207270 0.067945987 -0.015833393 0.005409423 0.997548699
1341846329.748113 0.026541989 0.043071557 0.153637320 0.070469983 -0.016755041 0.002853195 0.997369111
1341846329.810175 0.021219810 0.015913360 0.146528989 0.067666300 -0.012876460 0.007649956 0.997595608
1341846329.842255 0.022281101 0.007950899 0.154592052 0.069386385 -0.013007991 0.010874003 0.997445762
1341846329.874044 0.020358123 0.000745584 0.153692201 0.071188569 -0.012916111 0.013806440 0.997283697
1341846329.910073 0.019983342 0.004149489 0.149955615 0.071597040 -0.013368915 0.015989376 0.997215867
1341846329.942009 0.018400352 0.003106432 0.152235016 0.067090511 -0.013815957 0.021505510 0.997419417
1341846329.978087 0.019268438 -0.023003461 0.146860525 0.064222194 -0.014175477 0.023171687 0.997565866
1341846330.016305 0.024369165 -0.016316416 0.142155573 0.066505112 -0.013544511 0.021084085 0.997471333
1341846330.048192 0.016900668 -0.010090535 0.138306379 0.062910080 -0.011515995 0.021733116 0.997716069
1341846330.080418 0.019604862 -0.030147297 0.141654298 0.058089051 -0.011976983 0.024384828 0.997941673
1341846330.115886 0.020055672 -0.044916429 0.141649544 0.060591649 -0.010344637 0.025429824 0.997785032
1341846330.147839 0.013799731 -0.029254479 0.134774402 0.063724525 -0.009791708 0.026658840 0.997563362
1341846330.181257 0.015861228 -0.015800232 0.134357780 0.059649792 -0.010663771 0.029955691 0.997712791
1341846330.215852 0.016206112 -0.032423265 0.136980683 0.052633848 -0.009604272 0.029333727 0.998136759
1341846330.247833 0.011070532 -0.038328003 0.137080684 0.050722245 -0.008918766 0.028436558 0.998268068
1341846330.283913 0.005410375 -0.022957483 0.132323042 0.048103999 -0.008998170 0.028434077 0.998396993
1341846330.316011 0.005800274 -0.040999435 0.135875031 0.040829539 -0.009953866 0.027782895 0.998730183
1341846330.347868 0.004081086 -0.048857011 0.132958025 0.038354658 -0.011700701 0.026981434 0.998831332
1341846330.383835 0.010639409 -0.051641405 0.134777635 0.036518231 -0.012771316 0.027654517 0.998868644
1341846330.415934 0.008506125 -0.065306008 0.136157185 0.035537519 -0.011574757 0.025685139 0.998971164
1341846330.452561 0.002582575 -0.068802804 0.134929731 0.038270045 -0.011677408 0.024499714 0.998898804
1341846330.483903 -0.002224732 -0.062406607 0.129029080 0.038752135 -0.013244897 0.027012384 0.998795867
1341846330.515970 -0.000603571 -0.072485343 0.129668996 0.036796641 -0.015710888 0.030650843 0.998729050
1341846330.552099 0.001276051 -0.074324846 0.128836200 0.038275249 -0.017064758 0.032697219 0.998586357
1341846330.583876 -0.002111011 -0.065298080 0.125336751 0.038273096 -0.017127285 0.033042282 0.998574018
1341846330.619992 -0.007402331 -0.056895498 0.116484404 0.034140084 -0.018051950 0.032826994 0.998714685
1341846330.652136 -0.005075697 -0.064154856 0.121347025 0.027482731 -0.019871200 0.031199681 0.998937666
1341846330.683796 -0.007193493 -0.070488758 0.115810402 0.022440653 -0.019659953 0.030250821 0.999096990
1341846330.719991 -0.012496633 -0.085166439 0.108962230 0.019312959 -0.021621380 0.031174021 0.999093413
1341846330.752103 -0.015990414 -0.087653361 0.105820686 0.021159768 -0.025580404 0.035282485 0.998825848
1341846330.787952 -0.021209575 -0.079164788 0.100074902 0.022688638 -0.029895425 0.039043099 0.998532474
1341846330.819823 -0.019849028 -0.080403157 0.101488702 0.022450991 -0.034398582 0.039629620 0.998369753
1341846330.852208 -0.018632321 -0.071789980 0.096044965 0.022441311 -0.036244523 0.040346831 0.998275936
1341846330.914111 -0.023544187 -0.058735363 0.091568507 0.013942873 -0.039319485 0.040117919 0.998323679
1341846330.949903 -0.027936092 -0.074612997 0.090972044 0.009875892 -0.040115349 0.040027477 0.998344123
1341846330.981986 -0.038619440 -0.073128574 0.086589038 0.011124834 -0.043825805 0.040040549 0.998174489
1341846331.014111 -0.031736854 -0.065829076 0.086734086 0.011067202 -0.048610773 0.040895071 0.997918904
1341846331.082139 -0.031580433 -0.070744663 0.077502556 0.012371400 -0.051724993 0.038188636 0.997854292
1341846331.114334 -0.033543777 -0.069599263 0.074287489 0.012158556 -0.053731181 0.037626494 0.997772217
1341846331.149989 -0.032467332 -0.076114625 0.078952253 0.012277870 -0.054720480 0.036301646 0.997766078
1341846331.181954 -0.038276419 -0.076549061 0.070372559 0.015476651 -0.054400716 0.035035830 0.997784317
1341846331.218151 -0.039639950 -0.062160622 0.064318992 0.015648037 -0.057958286 0.036915235 0.997513533
1341846331.249914 -0.032705542 -0.069201939 0.077757612 0.013279197 -0.060119286 0.035428733 0.997473836
1341846331.318141 -0.026116803 -0.066993803 0.076619342 0.024076583 -0.050614554 0.031617045 0.997927248
1341846331.349926 -0.020289784 -0.064907923 0.073827401 0.022898160 -0.048460111 0.030553298 0.998095036
1341846331.382003 -0.000937772 -0.091903642 0.080408424 0.024051430 -0.041894846 0.030638924 0.998362422
1341846331.418008 -0.007668608 -0.077467270 0.094400987 0.032084655 -0.031994738 0.029213892 0.998545647
1341846331.450327 -0.015946617 -0.065193951 0.094106682 0.034561764 -0.026859472 0.029580468 0.998603523
1341846331.486219 -0.021279408 -0.059519060 0.095629409 0.034709111 -0.024759045 0.030489001 0.998625398
1341846331.518344 -0.011892396 -0.060672715 0.102655850 0.033494581 -0.024468524 0.029128084 0.998714626
1341846331.550202 -0.005346790 -0.069245189 0.107610039 0.035203721 -0.020309702 0.028423628 0.998769403
1341846331.586139 -0.016199445 -0.058589831 0.113222316 0.038173132 -0.018043548 0.028429585 0.998703659
1341846331.617931 -0.009585113 -0.056244705 0.121669687 0.037289154 -0.018428860 0.027982686 0.998742640
1341846331.654027 -0.000686184 -0.062909186 0.127816394 0.037229743 -0.016511958 0.029166039 0.998744547
1341846331.686123 -0.011067580 -0.053382963 0.132216111 0.040167309 -0.012554192 0.030096224 0.998660743
1341846331.717954 -0.017622860 -0.040640689 0.142733470 0.037756793 -0.013247464 0.030104419 0.998745561
1341846331.754076 -0.000472541 -0.056993257 0.158388242 0.034431390 -0.014053496 0.029487781 0.998873115
1341846331.785920 -0.002019307 -0.057052281 0.164068893 0.037383318 -0.010979128 0.028055243 0.998846769
1341846331.818053 -0.006110174 -0.044421475 0.175609082 0.038572323 -0.009024792 0.028132252 0.998818934
1341846331.853849 -0.003723039 -0.052574355 0.187619165 0.036758285 -0.008893882 0.027701460 0.998900592
1341846331.885987 0.005138192 -0.053649381 0.200204924 0.039599307 -0.006842995 0.025633253 0.998863339
1341846331.922014 0.001776375 -0.045378391 0.209713459 0.041928798 -0.003438808 0.024474803 0.998814881
1341846331.954037 0.008396767 -0.046144884 0.216944918 0.041557491 -0.001156439 0.025305208 0.998814940
1341846331.986135 0.013540599 -0.058392156 0.229279771 0.042906851 0.004246426 0.027274562 0.998697698
1341846332.022364 -0.000647879 -0.058330394 0.245527983 0.050101377 0.010308026 0.026258403 0.998345673
1341846332.054175 -0.002663260 -0.053965058 0.263814270 0.056546491 0.010343297 0.028148767 0.997949481
1341846332.086502 0.001106107 -0.050557055 0.274475634 0.059319083 0.010072611 0.029725952 0.997745514
1341846332.122051 -0.000696369 -0.047741883 0.281607956 0.061213136 0.011320091 0.028798679 0.997644961
1341846332.153983 -0.008959165 -0.032217544 0.293691099 0.060271639 0.011400361 0.026573414 0.997763097
1341846332.190165 -0.012826638 -0.028189896 0.312151909 0.054405943 0.010107145 0.024549261 0.998165905
1341846332.254145 -0.004950371 -0.050091635 0.337214977 0.053020962 0.009386241 0.022384048 0.998298347
1341846332.289948 -0.010379558 -0.044669118 0.348849893 0.055326782 0.009533020 0.024394300 0.998124719
1341846332.322172 -0.009363218 -0.046793602 0.360014975 0.055989355 0.009008164 0.026593072 0.998036504
1341846332.354003 -0.000905135 -0.050966162 0.365948111 0.058000166 0.010337307 0.023753639 0.997980416
1341846332.390180 -0.000200206 -0.037046693 0.376566142 0.060609836 0.014688635 0.021187987 0.997828484
1341846332.422055 -0.006080705 -0.033886306 0.389576256 0.058678512 0.017695034 0.017848549 0.997960508
1341846332.458114 0.003212912 -0.037135039 0.396929443 0.058029924 0.018872123 0.015048322 0.998023033
1341846332.489993 -0.006818695 -0.031742822 0.412308663 0.059285857 0.021691212 0.016086968 0.997875690
1341846332.522130 -0.011197533 -0.028235171 0.428188443 0.058819231 0.017879028 0.022230862 0.997860909
1341846332.558114 -0.009278766 -0.031307306 0.438938051 0.058782171 0.012468906 0.028925896 0.997773767
1341846332.589874 0.000312771 -0.021100359 0.435699910 0.059047665 0.008880763 0.033889476 0.997640193
1341846332.621889 -0.002115943 -0.013627469 0.443480074 0.055198152 0.009555317 0.034478348 0.997834206
1341846332.658202 0.004707048 -0.019237708 0.459753692 0.050882891 0.009604025 0.033755086 0.998087823
1341846332.690001 0.005909502 -0.016236410 0.469160140 0.049047001 0.010478518 0.034481846 0.998146057
1341846332.726000 0.004205694 -0.020593323 0.477326691 0.047886107 0.009411323 0.039446328 0.998029232
1341846332.758386 0.009915090 -0.019303173 0.486920774 0.048360784 0.006554934 0.040136524 0.998001695
1341846332.789937 0.017386720 -0.011092055 0.494215697 0.047975902 0.007173408 0.037741110 0.998109460
1341846332.825925 0.019425280 -0.012465998 0.508137882 0.045724347 0.009556118 0.036500357 0.998241305
1341846332.857898 0.021175697 -0.014842908 0.514284670 0.046316080 0.010730786 0.036518041 0.998201430
1341846332.894069 0.023384292 -0.000246604 0.527674198 0.047076195 0.010272821 0.036725357 0.998163104
1341846332.926029 0.027884267 0.004449251 0.537688553 0.043821413 0.010969488 0.034055166 0.998398483
1341846332.958015 0.032704923 0.006053458 0.545731246 0.040967587 0.012605207 0.032136895 0.998563945
1341846332.994073 0.028972749 0.007562894 0.545142293 0.037886929 0.014528798 0.030041507 0.998724699
1341846333.026545 0.034876082 0.006949326 0.552651525 0.035288233 0.015199701 0.027958618 0.998870373
1341846333.057998 0.044438418 0.008948415 0.558040798 0.034554366 0.016331973 0.029257705 0.998840988
1341846333.094024 0.044182636 0.009647234 0.569356620 0.034606095 0.018489037 0.031434700 0.998735428
1341846333.126095 0.049181361 0.012060006 0.574182391 0.035340521 0.019903716 0.034947187 0.998565733
1341846333.161973 0.051786561 0.020580307 0.577538669 0.034835111 0.022584425 0.035802986 0.998496175
1341846333.195660 0.054076333 0.019136116 0.587297916 0.032144133 0.024434064 0.038044311 0.998459995
1341846333.226331 0.055708732 0.021742623 0.590502441 0.030869821 0.024858564 0.036962770 0.998530328
1341846333.262056 0.057516426 0.028182875 0.595904887 0.028160512 0.025222568 0.035121430 0.998667777
1341846333.294147 0.058321420 0.023999019 0.605177343 0.024224466 0.025243256 0.035676531 0.998750806
1341846333.326100 0.062905736 0.027747702 0.609907746 0.023149079 0.023249671 0.034267604 0.998874009
1341846333.362100 0.062793463 0.032993231 0.607375085 0.019829191 0.023106785 0.031180304 0.999049902
1341846333.394119 0.060705218 0.026642894 0.612980068 0.016190277 0.022359829 0.031213811 0.999131441
1341846333.429974 0.063439891 0.027271762 0.612909973 0.015478253 0.020294305 0.031180188 0.999187887
1341846333.462115 0.067522377 0.026594095 0.616487622 0.015319092 0.020090669 0.029717298 0.999239028
1341846333.494040 0.070109323 0.027195012 0.618950307 0.016420910 0.020935642 0.028711235 0.999233603
1341846333.529953 0.073640093 0.024587475 0.616274595 0.016521912 0.021633245 0.028474331 0.999223828
1341846333.562063 0.068323433 0.027793527 0.619620383 0.017773841 0.024757326 0.029524451 0.999099314
1341846333.594090 0.061600629 0.037547987 0.624005139 0.017533740 0.024650706 0.030602204 0.999073803
1341846333.629994 0.064936660 0.039273459 0.623467624 0.014177456 0.021529192 0.029513879 0.999231935
1341846333.662127 0.065876506 0.038133755 0.621226490 0.010926683 0.020337760 0.029140824 0.999308646
1341846333.697964 0.066295892 0.030355688 0.619947851 0.008362867 0.020394690 0.029959554 0.999308050
1341846333.730092 0.066899717 0.029336400 0.617069364 0.010911389 0.020678859 0.030761171 0.999253273
1341846333.762089 0.063049674 0.030081373 0.614354610 0.012678751 0.021872569 0.032152642 0.999163151
1341846333.798006 0.062171806 0.027268557 0.610150039 0.013762145 0.022557437 0.032209493 0.999131799
1341846333.830055 0.064481899 0.027459268 0.606100559 0.016587457 0.023337642 0.029667681 0.999149680
1341846333.866045 0.061183147 0.027638443 0.599222660 0.017563349 0.024873054 0.028575484 0.999127746
1341846333.897987 0.056353919 0.022402324 0.597657442 0.018717958 0.025400564 0.027356999 0.999127626
1341846333.930099 0.058176525 0.020325257 0.589345217 0.021471292 0.026063055 0.026443405 0.999079823
1341846333.965889 0.053147722 0.018899897 0.584662497 0.023436995 0.027421083 0.025432451 0.999025524
1341846333.997985 0.054476734 0.015414597 0.579615295 0.025861135 0.028014190 0.025432993 0.998949230
1341846334.030076 0.050663367 0.019578991 0.572783589 0.029672960 0.029568581 0.026080310 0.998781741
1341846334.066000 0.048795871 0.019287009 0.566385388 0.031268783 0.029146200 0.027950956 0.998694897
1341846334.097932 0.050662819 0.017620768 0.557266295 0.032957520 0.028846284 0.027483905 0.998662233
1341846334.133884 0.044498228 0.016359739 0.552085638 0.034398559 0.030364655 0.027786285 0.998560309
1341846334.166115 0.037839897 0.016443979 0.544705570 0.034489371 0.029557634 0.028448233 0.998562753
1341846334.198072 0.038624980 0.015805734 0.538770556 0.035159804 0.027663359 0.027538558 0.998619139
1341846334.234097 0.038107447 0.018388256 0.533253372 0.035919432 0.028190028 0.026633691 0.998601913
1341846334.266045 0.031037040 0.014719227 0.522967041 0.035522141 0.030338131 0.027132353 0.998539746
1341846334.297946 0.026957540 0.014362836 0.517136037 0.036938772 0.028889561 0.028491881 0.998493433
1341846334.334036 0.026484584 0.015999150 0.507557988 0.037233870 0.027125686 0.029064672 0.998515487
1341846334.365871 0.024962306 0.017440222 0.501451135 0.036884006 0.027230529 0.027027614 0.998582780
1341846334.401845 0.020535441 0.017036406 0.494935513 0.035607170 0.028341072 0.026089612 0.998623192
1341846334.433864 0.012021409 0.011584243 0.487495035 0.035238083 0.027870329 0.026715096 0.998632967
1341846334.466105 0.013300499 0.015641496 0.479815811 0.036422543 0.025802046 0.027608188 0.998621762
1341846334.502142 0.005954739 0.017452160 0.476148635 0.035314169 0.025109740 0.028520778 0.998653591
1341846334.540153 0.006654830 0.015614756 0.466084927 0.034783792 0.023637895 0.026962955 0.998751402
1341846334.602351 -0.002455017 0.022653054 0.447419941 0.030478047 0.020237435 0.020715525 0.999115825
1341846334.670161 -0.009534877 0.014415684 0.434761941 0.024848405 0.017984847 0.013135010 0.999443114
1341846334.702085 -0.015656656 0.012177494 0.426400155 0.023481352 0.015965916 0.013726799 0.999502540
1341846334.734751 -0.017342286 0.011637479 0.422064990 0.023839345 0.013284258 0.015012738 0.999514818
1341846334.770889 -0.022434710 0.011908734 0.410482138 0.023908973 0.011992558 0.018101085 0.999478340
1341846334.802194 -0.026411580 0.012300071 0.399623215 0.023399962 0.009563043 0.018790772 0.999503851
1341846334.833908 -0.025474021 0.014364428 0.389686078 0.023174182 0.007802898 0.017076295 0.999555111
1341846334.869874 -0.029232694 0.015434661 0.381639421 0.021688273 0.007543652 0.016830565 0.999594629
1341846334.902006 -0.035005350 0.013441155 0.366354257 0.019959999 0.006291266 0.017139129 0.999634087
1341846334.938010 -0.036242492 0.011836336 0.362800330 0.019285472 0.002841310 0.017131826 0.999663174
1341846334.970032 -0.033806972 0.012735026 0.352774799 0.019734960 0.001879339 0.015692614 0.999680340
1341846335.002203 -0.040606279 0.006877020 0.346103191 0.020610597 0.002613838 0.017335931 0.999633789
1341846335.037880 -0.045609701 0.009883762 0.331433743 0.023433855 -0.000343292 0.019902484 0.999527156
1341846335.069990 -0.046532273 0.011891549 0.321078241 0.023836605 -0.003013151 0.019514654 0.999520838
1341846335.106038 -0.045169577 0.010588309 0.311082661 0.024361985 -0.001873686 0.017184982 0.999553680
1341846335.138045 -0.047151055 0.007551724 0.299632192 0.025365846 -0.001064471 0.017394708 0.999526322
1341846335.169900 -0.052019585 0.008959764 0.284272164 0.025270388 -0.003639779 0.018002519 0.999511898
1341846335.206091 -0.049789142 0.008690015 0.277665257 0.024750346 -0.005708806 0.015605696 0.999555528
1341846335.239365 -0.048105024 0.005466367 0.268225402 0.024623401 -0.004748894 0.012734895 0.999604404
1341846335.269948 -0.051602874 0.003699436 0.255339593 0.025981419 -0.003383459 0.011873697 0.999586165
1341846335.305972 -0.057887577 0.002322148 0.243231162 0.027746117 -0.004575864 0.012856282 0.999521852
1341846335.338012 -0.054819435 0.000932419 0.239407882 0.029154716 -0.006297176 0.014241121 0.999453604
1341846335.374005 -0.052479576 -0.007449816 0.226737857 0.033105459 -0.004565614 0.013842373 0.999345541
1341846335.406025 -0.055444118 -0.005538409 0.217714071 0.039858650 -0.001673262 0.016904322 0.999060929
1341846335.438079 -0.056472000 0.001527536 0.205876425 0.045563903 -0.001071770 0.019773895 0.998765111
1341846335.473998 -0.054194797 0.006043661 0.193959951 0.047985114 0.000307976 0.020747349 0.998632491
1341846335.507038 -0.054561574 0.010707038 0.182224169 0.049142301 0.002764176 0.019112218 0.998605072
1341846335.538040 -0.060468059 0.016930228 0.175270811 0.048926987 0.005491963 0.017048026 0.998641729
1341846335.574119 -0.066785432 0.019383639 0.167818651 0.046487026 0.005495618 0.017442528 0.998751462
1341846335.605970 -0.064107299 0.014081697 0.157109559 0.044707019 0.004490683 0.016852152 0.998847902
1341846335.641978 -0.062660977 0.013483135 0.145769313 0.045808911 0.005580015 0.014131471 0.998834670
1341846335.673993 -0.068508886 0.017928090 0.136948600 0.045877304 0.006591110 0.013953695 0.998827875
1341846335.706178 -0.071968876 0.017016008 0.128871694 0.045304585 0.005165434 0.014806951 0.998850107
1341846335.741982 -0.067921311 0.016064169 0.115955956 0.045618609 0.004569965 0.014361040 0.998845220
1341846335.773960 -0.071239285 0.020463631 0.103211887 0.045914661 0.005364880 0.014234887 0.998829544
1341846335.806271 -0.075556032 0.027496928 0.095155314 0.044498466 0.004857371 0.013695630 0.998903751
1341846335.842031 -0.070579551 0.019803910 0.086834937 0.041857712 0.005201963 0.014203109 0.999009073
1341846335.873966 -0.074027941 0.020285243 0.077931039 0.042983960 0.006907163 0.013085768 0.998966157
1341846335.910005 -0.081772916 0.025605069 0.064635701 0.042743251 0.007335164 0.015238516 0.998942971
1341846335.941936 -0.083738223 0.025603238 0.054780096 0.041721784 0.005311443 0.016042482 0.998986363
1341846335.974198 -0.082078770 0.024172911 0.045302160 0.041367292 0.004271732 0.013996580 0.999036789
1341846336.010032 -0.087011501 0.025625672 0.034056865 0.041232247 0.004518117 0.012669974 0.999059021
1341846336.042129 -0.092430085 0.025085591 0.020802498 0.040319778 0.003466164 0.013163136 0.999094129
1341846336.078076 -0.093852192 0.020619188 0.014881370 0.039905727 0.001534507 0.012424988 0.999125063
1341846336.110739 -0.093004704 0.024313003 0.009394472 0.040834431 0.001173768 0.010814086 0.999106705
1341846336.142002 -0.098895997 0.023648420 -0.005778529 0.040493786 0.001424000 0.012048070 0.999106109
1341846336.183953 -0.103820607 0.027664876 -0.016409481 0.040407524 -0.000970620 0.012732898 0.999101698
1341846336.241891 -0.102119319 0.027844194 -0.025230028 0.038560562 -0.002124812 0.011995303 0.999181986
1341846336.277946 -0.110035688 0.021680338 -0.034897204 0.038516108 -0.001226525 0.014086194 0.999157906
1341846336.309977 -0.114512123 0.022049807 -0.040664081 0.041255828 -0.003594910 0.016873026 0.998999655
1341846336.346143 -0.113877438 0.027502088 -0.050077505 0.043469533 -0.005082564 0.017901199 0.998881400
1341846336.377975 -0.115097933 0.027491733 -0.056710441 0.044369515 -0.004772628 0.017010834 0.998858929
1341846336.410032 -0.116898075 0.028778693 -0.073837765 0.045073479 -0.004039860 0.017090950 0.998829305
1341846336.446041 -0.120056979 0.035273843 -0.080868326 0.045050666 -0.004585570 0.017320396 0.998824000
1341846336.477990 -0.118153140 0.032324236 -0.083886735 0.043756355 -0.004921710 0.017322458 0.998879910
1341846336.510056 -0.121037826 0.030051146 -0.090057433 0.044031247 -0.004135866 0.017493855 0.998868406
1341846336.546024 -0.123455860 0.030327046 -0.095159896 0.045028105 -0.004027428 0.019372640 0.998789728
1341846336.578003 -0.127234802 0.037465587 -0.104674473 0.045103658 -0.004144438 0.021160038 0.998749554
1341846336.614020 -0.120898254 0.037560727 -0.110883854 0.044487711 -0.004063517 0.020343810 0.998794496
1341846336.645982 -0.128992632 0.043409836 -0.115234047 0.043636620 -0.002243312 0.019762617 0.998849452
1341846336.678036 -0.134235039 0.035621136 -0.125348896 0.041243307 -0.003920311 0.020382904 0.998933494
1341846336.714024 -0.137573436 0.031057764 -0.114794135 0.042870007 -0.006054679 0.019582316 0.998870373
1341846336.746016 -0.139465109 0.026094109 -0.133912519 0.046123907 -0.007857509 0.021290701 0.998677850
1341846336.778014 -0.144307151 0.034714218 -0.149997577 0.049209565 -0.011540358 0.024763929 0.998414755
1341846336.820006 -0.143438131 0.039937466 -0.146268189 0.050188303 -0.015713200 0.027132282 0.998247504
1341846336.882056 -0.149022967 0.038710978 -0.159822404 0.052802362 -0.017499894 0.025525356 0.998125315
1341846336.914273 -0.155319467 0.028852025 -0.164344192 0.054299757 -0.021637768 0.028090110 0.997894943
1341846336.945998 -0.147157371 0.027032653 -0.178463101 0.060517885 -0.028453680 0.030001905 0.997310281
1341846336.981980 -0.150402442 0.049119990 -0.183210894 0.064925157 -0.032402709 0.028289340 0.996962607
1341846337.014238 -0.152394176 0.056915719 -0.187768102 0.062412426 -0.035112519 0.026390864 0.997083426
1341846337.046017 -0.144241691 0.047222286 -0.195324436 0.059263751 -0.036880594 0.022023110 0.997317731
1341846337.082104 -0.153726771 0.049373712 -0.186685830 0.058935948 -0.036927756 0.018796641 0.997401416
1341846337.114317 -0.158719480 0.049577907 -0.187126294 0.057175580 -0.039069563 0.018364752 0.997430325
1341846337.150037 -0.153451055 0.047819428 -0.195256054 0.055293791 -0.041163478 0.017285194 0.997471511
1341846337.181873 -0.150670514 0.047162201 -0.189948589 0.054964397 -0.041241489 0.013923659 0.997539043
1341846337.214073 -0.152952582 0.059654873 -0.198178247 0.053234670 -0.039661963 0.012201814 0.997719467
1341846337.250087 -0.164590195 0.043389931 -0.203443438 0.049542617 -0.040434558 0.013040495 0.997868001
1341846337.282028 -0.167646796 0.041047033 -0.203952879 0.050891865 -0.044478215 0.016444353 0.997577667
1341846337.317920 -0.155548662 0.050041262 -0.203251854 0.051051941 -0.046589524 0.017124007 0.997461736
1341846337.350018 -0.159138232 0.057657164 -0.208062604 0.049940266 -0.045691289 0.016667478 0.997567296
1341846337.382159 -0.159580022 0.049512096 -0.207672045 0.046636257 -0.045385607 0.014859696 0.997769713
1341846337.417941 -0.166397542 0.041452195 -0.208792970 0.047166865 -0.044289526 0.014964585 0.997792482
1341846337.450137 -0.162950888 0.049282089 -0.227459207 0.047932591 -0.046264291 0.015901364 0.997651875
1341846337.482096 -0.156907931 0.045536090 -0.225715443 0.046193693 -0.046902943 0.016795168 0.997689426
1341846337.518008 -0.163048357 0.041018412 -0.218716711 0.046989344 -0.047034495 0.016943928 0.997643530
1341846337.549978 -0.163588628 0.050240885 -0.233307794 0.047618750 -0.047511302 0.015193257 0.997619331
1341846337.585971 -0.167120174 0.048679836 -0.220354468 0.044796579 -0.047898933 0.014503638 0.997741759
1341846337.617903 -0.159085765 0.036810569 -0.214217737 0.045527082 -0.049094561 0.014892276 0.997644842
1341846337.650141 -0.160200775 0.045837671 -0.224934384 0.048542533 -0.049188178 0.014248811 0.997507453
1341846337.686352 -0.154083446 0.049346004 -0.228435799 0.046795603 -0.049392994 0.014826885 0.997572362
1341846337.718002 -0.150620773 0.048235796 -0.214085788 0.045051500 -0.049241569 0.014932945 0.997658551
1341846337.749920 -0.143340006 0.052080534 -0.210640877 0.045007385 -0.047803476 0.014492525 0.997736990
1341846337.786157 -0.151257753 0.060549702 -0.207243741 0.042439673 -0.044364389 0.013782216 0.998018444
1341846337.817945 -0.147165015 0.051822521 -0.200516805 0.039518956 -0.042648170 0.015874002 0.998182058
1341846337.854071 -0.145403013 0.056949623 -0.201134771 0.038529534 -0.039288066 0.015228876 0.998368680
1341846337.885951 -0.147130772 0.061306577 -0.201242432 0.035416871 -0.036702283 0.013510958 0.998607039
1341846337.918223 -0.146911368 0.064062148 -0.191229507 0.031479493 -0.035459150 0.010625930 0.998818696
1341846337.954120 -0.146903336 0.059197526 -0.186069816 0.028856261 -0.033906933 0.009896502 0.998959303
1341846337.985994 -0.141256332 0.068080209 -0.178679571 0.026588922 -0.033511795 0.010400934 0.999030411
1341846338.018107 -0.141701534 0.064318478 -0.170111343 0.023004347 -0.031716790 0.011507433 0.999165893
1341846338.054055 -0.138786450 0.066820391 -0.165237695 0.020740647 -0.030471547 0.011063768 0.999259174
1341846338.085986 -0.133452758 0.066141754 -0.157632411 0.017105624 -0.027543120 0.010595522 0.999418080
1341846338.121875 -0.134129301 0.060825415 -0.153119713 0.014892187 -0.025094222 0.012404452 0.999497175
1341846338.154089 -0.139534056 0.061017908 -0.144024059 0.014017746 -0.024250031 0.015708486 0.999484241
1341846338.186029 -0.135595664 0.061178856 -0.137260422 0.012846130 -0.024833873 0.017910615 0.999448597
1341846338.222071 -0.129434422 0.068513848 -0.126150146 0.012200532 -0.024053136 0.016992707 0.999491811
1341846338.254107 -0.128720656 0.064707920 -0.115769289 0.010142501 -0.022185314 0.017850036 0.999543071
1341846338.290130 -0.130357325 0.062959105 -0.106361590 0.010598726 -0.022012770 0.019496962 0.999511361
1341846338.321952 -0.128172800 0.065902561 -0.098618828 0.010677529 -0.021274984 0.021765960 0.999479651
1341846338.354022 -0.122781456 0.066306025 -0.091610312 0.010196053 -0.021182753 0.022320503 0.999474466
1341846338.389969 -0.126519889 0.073343433 -0.079594806 0.010149308 -0.019683329 0.021969102 0.999513328
1341846338.422377 -0.124712624 0.068359330 -0.069346748 0.007800987 -0.019479699 0.022666162 0.999522865
1341846338.454010 -0.121700659 0.071306929 -0.059879702 0.007142292 -0.020093082 0.021385325 0.999543846
1341846338.489894 -0.119956255 0.068378292 -0.046189256 0.005147182 -0.020667454 0.021984387 0.999531388
1341846338.522066 -0.118903585 0.069134116 -0.037093960 0.006206702 -0.020278940 0.021396009 0.999546111
1341846338.558058 -0.118362464 0.076149151 -0.030461926 0.005742964 -0.020403514 0.020452049 0.999566138
1341846338.589842 -0.113716811 0.073966116 -0.016093835 0.003547038 -0.020925272 0.020376066 0.999567091
1341846338.622019 -0.112697370 0.070089214 -0.004806776 0.004068128 -0.019753786 0.021620719 0.999562800
1341846338.657984 -0.115101241 0.072644837 -0.006177174 0.004341032 -0.019629704 0.023474777 0.999522269
1341846338.690198 -0.108146906 0.078636348 0.004485677 0.002721402 -0.020869404 0.023212593 0.999508977
1341846338.722454 -0.102193110 0.071764693 0.023475513 0.001579762 -0.020223336 0.023504317 0.999517918
1341846338.757945 -0.112586796 0.076307349 0.017644683 0.001988748 -0.019069918 0.024560802 0.999514401
1341846338.790039 -0.105932757 0.076403394 0.036813471 -0.000127272 -0.021826688 0.025478974 0.999437034
1341846338.826048 -0.098542653 0.075804986 0.048689153 0.000302818 -0.021343855 0.023786429 0.999489129
1341846338.858027 -0.100914136 0.080280110 0.055872969 0.000299571 -0.019476937 0.023007549 0.999545515
1341846338.889902 -0.099974029 0.081744298 0.068984590 -0.002057100 -0.020456357 0.022283418 0.999540269
1341846338.925948 -0.091851100 0.079521142 0.079546630 -0.002941434 -0.020281529 0.020411901 0.999581575
1341846338.958108 -0.088547908 0.080568090 0.091794491 -0.002555794 -0.018651785 0.020015344 0.999622405
1341846338.990057 -0.088118479 0.079539515 0.107154086 -0.002277867 -0.018461661 0.020925708 0.999607980
1341846339.025928 -0.080753371 0.075135410 0.118687406 -0.000573379 -0.017942380 0.021321556 0.999611497
1341846339.057939 -0.080218218 0.080483168 0.123573728 0.002336066 -0.015475947 0.021462496 0.999647141
1341846339.093927 -0.087832592 0.088442318 0.130677417 0.001771758 -0.015187067 0.022492152 0.999630094
1341846339.126562 -0.080149494 0.093735412 0.138814762 -0.001013152 -0.016686276 0.021280631 0.999633789
1341846339.157969 -0.073325843 0.094395429 0.155558333 -0.003330358 -0.014473338 0.018877424 0.999711514
1341846339.194113 -0.078092009 0.095216841 0.159642905 -0.005539208 -0.013152120 0.020649150 0.999684930
1341846339.228165 -0.075718433 0.099379763 0.167916641 -0.008659579 -0.015209245 0.023067413 0.999580741
1341846339.257998 -0.061492037 0.094167486 0.186385140 -0.011930451 -0.015778678 0.023412304 0.999530196
1341846339.294132 -0.068199039 0.099419840 0.191596121 -0.011452482 -0.012462705 0.024199354 0.999563873
1341846339.326577 -0.069849975 0.107312389 0.192014977 -0.014952568 -0.014211851 0.028196387 0.999389470
1341846339.362269 -0.057999793 0.102656782 0.210410401 -0.019650264 -0.017451921 0.026089223 0.999314070
1341846339.394725 -0.054461654 0.104816280 0.218049839 -0.020210840 -0.015483457 0.024907380 0.999365509
1341846339.462186 -0.046734620 0.103960834 0.241940752 -0.023738200 -0.016824637 0.024430919 0.999278009
1341846339.496743 -0.035970286 0.103944518 0.249412671 -0.020847391 -0.013724872 0.022561399 0.999433815
1341846339.562052 -0.041305993 0.101096414 0.269542038 -0.020067219 -0.009973701 0.024387984 0.999451399
1341846339.595122 -0.030719683 0.102100566 0.279485017 -0.018051999 -0.010136183 0.024165154 0.999493599
1341846339.632085 -0.026702581 0.107989721 0.287212968 -0.015929783 -0.006515334 0.021545596 0.999619722
1341846339.664568 -0.024504891 0.101072706 0.293702483 -0.016735449 -0.003942349 0.020053828 0.999651074
1341846339.698896 -0.024426525 0.098916061 0.303329855 -0.017035546 -0.002742015 0.019000230 0.999670565
1341846339.731977 -0.022019219 0.098497853 0.311261296 -0.016769588 -0.002401538 0.017420119 0.999704719
1341846339.762241 -0.016252460 0.095828488 0.319075376 -0.016779700 -0.001498473 0.017648142 0.999702334
1341846339.797873 -0.015619989 0.098120630 0.327740312 -0.016525846 -0.001028091 0.018527532 0.999691248
1341846339.830245 -0.011834776 0.096384212 0.336337090 -0.016854899 -0.001695852 0.019272592 0.999670744
1341846339.862015 -0.008001950 0.094569504 0.340465188 -0.017580329 -0.001756090 0.018911263 0.999665082
1341846339.897797 -0.004038619 0.096760534 0.349065572 -0.018281020 -0.000794418 0.018186646 0.999667168
1341846339.929916 -0.003163156 0.090881646 0.359016627 -0.019093547 0.000498130 0.020114135 0.999615252
1341846339.961960 0.000078375 0.088139236 0.366117030 -0.018108238 -0.000356572 0.021197176 0.999611259
1341846339.997845 0.007880243 0.088555470 0.370061904 -0.016708685 0.000093106 0.021211419 0.999635398
1341846340.029925 0.007840078 0.088350549 0.376850665 -0.015722197 0.002829967 0.022188811 0.999626160
1341846340.066044 0.008568208 0.088806301 0.382762820 -0.013482612 0.004426095 0.022989800 0.999634981
1341846340.098009 0.010348160 0.088954158 0.389106274 -0.012717049 0.004863995 0.024086570 0.999617159
1341846340.130102 0.010859756 0.090430632 0.396262646 -0.013254287 0.004985457 0.022617944 0.999643862
1341846340.166041 0.020166267 0.088018142 0.400056988 -0.012687385 0.006285362 0.021446308 0.999669731
1341846340.197867 0.016482228 0.088935196 0.409796149 -0.011482018 0.009401985 0.020888282 0.999671698
1341846340.229904 0.018949360 0.092550218 0.416208714 -0.012269974 0.009011686 0.020879686 0.999666095
1341846340.265859 0.022840220 0.088320777 0.426122308 -0.013323325 0.009976402 0.019952206 0.999662399
1341846340.298061 0.027054189 0.089382306 0.432962954 -0.011095663 0.011939847 0.020743810 0.999651968
1341846340.334063 0.022890925 0.096552826 0.436124086 -0.011340699 0.011606759 0.022212612 0.999621570
1341846340.366064 0.030335627 0.089861706 0.444011301 -0.013699821 0.009142862 0.021047538 0.999642789
1341846340.397995 0.032305706 0.089578435 0.445300579 -0.011790264 0.009774450 0.021084229 0.999660432
1341846340.433895 0.034383949 0.089084275 0.450404018 -0.011587542 0.009261435 0.022424495 0.999638498
1341846340.465959 0.033548467 0.087927736 0.452744633 -0.010945677 0.007262314 0.023621427 0.999634683
1341846340.501858 0.039647669 0.090234935 0.452593148 -0.009847153 0.003303383 0.024020633 0.999657512
1341846340.534329 0.043398228 0.092422232 0.453096002 -0.009042442 0.001671343 0.023561042 0.999680102
1341846340.566041 0.049607158 0.087322094 0.456445992 -0.008374076 0.000229850 0.024705810 0.999659657
1341846340.601909 0.055009034 0.087111674 0.454342902 -0.005967552 -0.000713193 0.025145559 0.999665737
1341846340.634005 0.055440113 0.091715328 0.450241894 -0.004626464 -0.000966966 0.023924364 0.999702573
1341846340.666028 0.058269087 0.089311890 0.446818739 -0.005134426 -0.000466206 0.021615459 0.999753058
1341846340.701946 0.063207433 0.085739285 0.444501668 -0.003587810 0.000554414 0.019124625 0.999810517
1341846340.733954 0.067124136 0.091173187 0.442030102 -0.002009626 0.001802499 0.017944871 0.999835372
1341846340.770081 0.065126859 0.089022934 0.439560771 -0.003155930 0.002688856 0.015098497 0.999877393
1341846340.801980 0.068706073 0.087727740 0.433790386 -0.003078319 0.003608447 0.009454876 0.999944031
1341846340.833999 0.068486385 0.094701648 0.436986744 -0.002577446 0.005946629 0.005671320 0.999962926
1341846340.870013 0.066479474 0.091144323 0.438726544 -0.004372968 0.005890930 0.004181993 0.999964356
1341846340.901955 0.069844328 0.088958301 0.437781960 -0.003551545 0.005319262 0.003796858 0.999972343
1341846340.933918 0.067785278 0.088506162 0.434937030 -0.001703456 0.005028620 0.007137471 0.999960423
1341846340.970122 0.068142176 0.091141321 0.431132227 -0.000095510 0.001916589 0.011994926 0.999926209
1341846341.001922 0.067434907 0.084977768 0.427523375 0.000405617 -0.001820431 0.017109510 0.999851882
1341846341.037923 0.071319021 0.088630073 0.424411029 0.002060600 -0.004746476 0.020225175 0.999782085
1341846341.070300 0.070471510 0.087056160 0.421043098 0.002402748 -0.005353931 0.019810766 0.999786556
1341846341.102028 0.067858912 0.085566945 0.420491308 0.002068817 -0.006592351 0.020064060 0.999774814
1341846341.137982 0.069488779 0.084620066 0.415090948 0.002037283 -0.008669706 0.020439016 0.999751449
1341846341.170048 0.071524628 0.084858097 0.415653050 0.002766487 -0.009281153 0.021483796 0.999722302
1341846341.202110 0.070467412 0.082108751 0.410771698 0.003956550 -0.009382760 0.022733402 0.999689698
1341846341.237996 0.072159283 0.083665498 0.409620136 0.005942855 -0.009294841 0.023500161 0.999662936
1341846341.269883 0.070226051 0.084651671 0.408261269 0.007229649 -0.008578209 0.023865309 0.999652207
1341846341.306107 0.069573358 0.083848007 0.404726982 0.007693226 -0.009220215 0.022925952 0.999665022
1341846341.338109 0.071698017 0.083132155 0.402050763 0.008456162 -0.009000271 0.020860424 0.999706149
1341846341.370120 0.069760554 0.084316969 0.401667029 0.009100576 -0.007446334 0.018223953 0.999764800
1341846341.406074 0.065567330 0.083002798 0.399920732 0.008972808 -0.006643924 0.017606184 0.999782681
1341846341.438113 0.064637139 0.078248687 0.400903940 0.009835682 -0.008510240 0.017962914 0.999754071
1341846341.470024 0.070431687 0.080034874 0.393128842 0.012713233 -0.009099990 0.016080471 0.999748468
1341846341.506077 0.066537909 0.087398939 0.392118871 0.013283371 -0.007967352 0.015041360 0.999766886
1341846341.538156 0.060669031 0.082736351 0.396443993 0.011953222 -0.009241063 0.016130008 0.999755740
1341846341.574016 0.064520314 0.085597128 0.397803217 0.013311372 -0.011920273 0.016970491 0.999696314
1341846341.612466 0.063406818 0.089046329 0.394563228 0.014274500 -0.012330450 0.017210132 0.999673963
1341846341.643972 0.059839491 0.087555133 0.391630620 0.013106239 -0.013265256 0.016221028 0.999694526
1341846341.679982 0.057736602 0.084422320 0.390020430 0.012577574 -0.014530344 0.016785039 0.999674439
1341846341.712332 0.054980136 0.086849898 0.389283150 0.013519887 -0.016454145 0.019658450 0.999579906
1341846341.744185 0.057912242 0.085566811 0.389004409 0.013752719 -0.018957818 0.022041164 0.999482691
1341846341.780061 0.057017904 0.087787867 0.385753781 0.014473635 -0.019298669 0.023329973 0.999436736
1341846341.842595 0.060907695 0.079739280 0.379798472 0.016059689 -0.020403000 0.027887268 0.999273777
1341846341.906227 0.061089184 0.078809895 0.374781460 0.019526493 -0.020969169 0.032761779 0.999052405
1341846341.942069 0.063364096 0.073438503 0.375305563 0.022405768 -0.021179840 0.034780052 0.998919308
1341846341.974775 0.063772067 0.073780842 0.371659338 0.025719147 -0.021370703 0.036358684 0.998779178
1341846342.010161 0.059868257 0.076153807 0.371499062 0.026873484 -0.022137733 0.037501097 0.998689830
1341846342.042024 0.065733112 0.068711244 0.360141277 0.027678099 -0.023219775 0.038102847 0.998620510
1341846342.080032 0.069216408 0.072914086 0.362569362 0.030272696 -0.021334194 0.038034834 0.998589873
1341846342.112265 0.063784108 0.068255462 0.360052913 0.029953156 -0.020334916 0.040513139 0.998522878
1341846342.147954 0.066242889 0.063444197 0.357747674 0.031937767 -0.021707397 0.043043096 0.998326659
1341846342.179852 0.073725387 0.066122130 0.356693238 0.035010945 -0.021788081 0.044356871 0.998164296
1341846342.211848 0.070017442 0.068682715 0.356871843 0.035793491 -0.020923831 0.044223145 0.998160958
1341846342.247920 0.070817187 0.063585699 0.352815628 0.036496576 -0.020734096 0.042552233 0.998212099
1341846342.279870 0.072846815 0.063131072 0.350272834 0.037875641 -0.020372357 0.043029975 0.998147666
1341846342.316068 0.073325530 0.064668387 0.350455910 0.039391935 -0.020291464 0.044441525 0.998028815
1341846342.347894 0.074047789 0.066442072 0.340064168 0.039789759 -0.020214558 0.044170097 0.998026609
1341846342.379953 0.074632317 0.064250685 0.339933217 0.039755840 -0.019743688 0.043806657 0.998053432
1341846342.416195 0.075905316 0.066014826 0.348552465 0.040637497 -0.019602116 0.045327008 0.997952819
