1341846313.592026 0.000000000 0.000000000 0.000000000 0.000000000 0.000000000 0.000000000 1.000000000
1341846313.654184 0.005529008 -0.004290611 -0.005369895 -0.001282301 -0.003137983 0.005197393 0.999980748
1341846313.686156 0.012264442 -0.003066462 -0.000872899 -0.000104943 -0.005415674 0.004633535 0.999974549
1341846313.721918 0.017244112 -0.000299836 -0.004264133 0.000239286 -0.006195574 0.005301452 0.999966741
1341846313.753994 0.025341770 0.000707205 -0.001542965 -0.000149074 -0.007141020 0.006564278 0.999952912
1341846313.789969 0.032075826 -0.001062493 -0.000743455 0.000631006 -0.007872374 0.005043983 0.999956071
1341846313.822075 0.046873040 0.005845470 0.001252417 0.001455294 -0.008151881 0.004151434 0.999957085
1341846313.853928 0.054798499 0.003023874 0.004756229 0.000644298 -0.006212290 0.003307628 0.999975026
1341846313.890011 0.056505356 0.005151323 -0.001225766 0.000453380 -0.003666792 0.003855122 0.999985754
1341846313.922055 0.064522400 0.011145241 -0.001795858 -0.000918854 -0.003989535 0.005319612 0.999977469
1341846313.957927 0.093988203 0.008193135 -0.002652725 -0.003272790 -0.002973750 0.005711088 0.999973893
1341846313.990058 0.082456350 0.010462741 0.006870431 -0.003911108 0.005992041 0.006807304 0.999951243
1341846314.022042 0.085990854 0.020303460 0.003073707 -0.005235328 0.007791618 0.009009656 0.999915361
1341846314.057816 0.105474010 0.012920735 0.008243512 -0.009561312 0.008635594 0.011322801 0.999852896
1341846314.089801 0.109714136 0.011305906 0.010014098 -0.008741853 0.014252829 0.009849666 0.999811649
1341846314.122037 0.105019324 0.025594799 0.009756240 -0.008343987 0.019229056 0.013060330 0.999695003
1341846314.157989 0.123414531 0.015071141 0.009232470 -0.011926048 0.020505011 0.014633929 0.999611497
1341846314.190094 0.129054919 0.020223510 0.015548750 -0.011041178 0.024443062 0.015204974 0.999524593
1341846314.225969 0.132514894 0.028655704 0.012254772 -0.012689911 0.026173744 0.019193670 0.999392569
1341846314.257923 0.130882949 0.018772379 0.018393720 -0.015649365 0.029300207 0.018011147 0.999285877
1341846314.290052 0.138297021 0.017261961 0.018480107 -0.014664333 0.030103434 0.017113646 0.999292731
1341846314.325981 0.144104332 0.025299627 0.014214869 -0.014614972 0.031269252 0.015369211 0.999285996
1341846314.357905 0.154310167 0.021565104 0.017857263 -0.015694585 0.033464383 0.014015087 0.999218404
1341846314.389899 0.151384056 0.018739302 0.016073158 -0.014505210 0.037265863 0.012503403 0.999121904
1341846314.427905 0.165734038 0.024100708 0.005806797 -0.014217705 0.037834905 0.011939772 0.999111533
1341846314.493987 0.179493472 0.017135065 0.010151403 -0.013361108 0.046840463 0.004566927 0.998802602
1341846314.526085 0.186187327 0.018291494 0.002164528 -0.013318995 0.048603479 0.003736373 0.998722374
1341846314.558292 0.191955149 0.018899174 0.006406161 -0.014455302 0.051567819 0.003698603 0.998558044
1341846314.594085 0.207146689 0.012373717 0.006212916 -0.013709861 0.054820977 0.003384450 0.998396337
1341846314.626096 0.206437603 0.024544109 0.008821769 -0.012178590 0.059703149 0.004560738 0.998131454
1341846314.658455 0.205678672 0.026772041 0.009514568 -0.013706453 0.062473994 0.002811907 0.997948527
1341846314.694004 0.223211855 0.015563909 0.015101419 -0.014638050 0.064947516 0.000407988 0.997781217
1341846314.725910 0.219891712 0.013252267 0.022512132 -0.011202156 0.068682849 0.004902387 0.997563601
1341846314.761942 0.219674826 0.017109092 0.015837448 -0.007006724 0.069519997 0.008616436 0.997518778
1341846314.794030 0.228782877 0.021979207 0.016611360 -0.003257879 0.071294621 0.009651048 0.997403264
1341846314.826092 0.246400937 0.017283596 0.005747644 -0.001782885 0.073674306 0.012960616 0.997196555
1341846314.862145 0.253415018 0.021185879 0.003508606 -0.001263636 0.077168033 0.013791203 0.996921897
1341846314.894072 0.259777695 0.022749754 0.009872288 -0.001754826 0.080715135 0.016383410 0.996600986
1341846314.925969 0.266592979 0.026092568 0.010642142 -0.001387319 0.082952023 0.020783747 0.996335804
1341846314.961937 0.267604887 0.035384819 -0.001968434 -0.003427317 0.083723225 0.025420789 0.996158838
1341846314.994564 0.273691416 0.030758217 0.005948403 -0.007260107 0.084615164 0.024158943 0.996094346
1341846315.029900 0.289304554 0.026735166 0.002276421 -0.008059681 0.086723618 0.021554206 0.995966554
1341846315.061965 0.294790089 0.031186856 0.018862888 -0.008282075 0.088718854 0.026852800 0.995660245
1341846315.094388 0.292191744 0.025535079 0.016389694 -0.008589316 0.088610321 0.026404683 0.995679259
1341846315.129851 0.303838491 0.026391443 0.009627929 -0.006586512 0.087933213 0.025139838 0.995787263
1341846315.161941 0.305423588 0.036245648 -0.007965435 -0.008660686 0.088220701 0.030197900 0.995605409
1341846315.197984 0.293172091 0.032840010 -0.005446025 -0.015352533 0.088159665 0.023027882 0.995721817
1341846315.230076 0.316294044 0.034327473 -0.001801211 -0.018389273 0.084428661 0.021684133 0.996023774
1341846315.262069 0.323247224 0.038373776 0.006646542 -0.021304669 0.081242725 0.026436908 0.996115804
1341846315.298000 0.321239769 0.021975258 0.018780576 -0.024776213 0.078523397 0.026354630 0.996255815
1341846315.329931 0.333962590 0.006093158 0.023013197 -0.022906490 0.076186411 0.027443882 0.996452570
1341846315.361981 0.341137230 0.013967779 0.016619137 -0.016693968 0.075075537 0.030499417 0.996571541
1341846315.397962 0.347418487 0.016560594 0.014336453 -0.013498570 0.075066686 0.034048378 0.996505678
1341846315.429923 0.350821197 0.020123590 0.009490729 -0.010201497 0.077214725 0.034528721 0.996364176
1341846315.466047 0.367959231 0.025670219 0.001043658 -0.008926864 0.079024874 0.037979696 0.996108890
1341846315.497883 0.360408992 0.026843794 0.009944264 -0.009862678 0.083316237 0.042310506 0.995575726
1341846315.530008 0.359738052 0.021917818 0.001859581 -0.010457499 0.085216217 0.042122424 0.995416820
1341846315.566108 0.366138130 0.026017969 0.007267652 -0.010989966 0.086058185 0.043619845 0.995274127
1341846315.597986 0.366700590 0.023787010 0.004064834 -0.011138025 0.087550983 0.043073308 0.995166063
1341846315.630109 0.377791375 0.025919938 0.016142344 -0.011627234 0.087167569 0.043518491 0.995174766
1341846315.666042 0.376107275 0.032778434 0.002102251 -0.011635319 0.089441359 0.042584803 0.995013297
1341846315.698114 0.385442883 0.044011749 -0.002705241 -0.015277956 0.091359124 0.041804101 0.994822860
1341846315.733985 0.374079704 0.023599233 0.016292026 -0.020709153 0.095869638 0.042235047 0.994281828
1341846315.766041 0.366933525 0.030519243 0.019933516 -0.019278681 0.094090007 0.042854812 0.994454086
1341846315.798188 0.370718956 0.028301867 0.015133572 -0.020576684 0.092962958 0.041712891 0.994582593
1341846315.834140 0.367603242 0.023748513 0.017427193 -0.019943316 0.095479175 0.040352777 0.994413197
1341846315.866751 0.361781925 0.020255614 0.017689737 -0.018031137 0.097638309 0.039435968 0.994276822
1341846315.898492 0.360206395 0.019792732 0.018552389 -0.016823951 0.097963504 0.039355185 0.994269252
1341846315.936901 0.357528329 0.011794623 0.013146947 -0.014954234 0.099598192 0.038361777 0.994175494
1341846315.966572 0.346549869 0.014843812 0.015108460 -0.011104865 0.102249734 0.036962502 0.994009793
1341846316.034204 0.338403344 0.010441994 0.020595083 -0.007864129 0.102006793 0.035732109 0.994110644
1341846316.066113 0.327671021 0.009021857 0.024104068 -0.005561582 0.102772564 0.035552051 0.994053781
1341846316.101867 0.321420997 0.015265863 0.011641104 -0.003449830 0.101128228 0.036500081 0.994197607
1341846316.134066 0.312101424 0.015658639 0.004426982 -0.004053283 0.098451100 0.033573940 0.994567096
1341846316.202049 0.298377216 0.006769770 0.007217371 -0.004465343 0.094165273 0.029678356 0.995104074
1341846316.233979 0.293957502 0.008761412 0.000252872 -0.003601234 0.092955053 0.028310971 0.995261192
1341846316.270052 0.285304964 0.011368398 0.008223719 -0.004778522 0.094698139 0.024301177 0.995197952
1341846316.301915 0.285898685 -0.000208014 0.011147619 -0.005704591 0.094907001 0.024317389 0.995172739
1341846316.334208 0.272818178 0.003287090 0.014331891 -0.003308193 0.095112398 0.025292974 0.995139658
1341846316.370006 0.262863040 0.001892107 0.009249012 -0.001299264 0.094451472 0.024988603 0.995214939
1341846316.401994 0.257629126 0.003045704 0.012040528 0.000500512 0.093794473 0.027883761 0.995200872
1341846316.438069 0.253288418 -0.002391813 0.011082333 0.002196183 0.093184456 0.029509764 0.995208979
1341846316.470076 0.247587398 -0.008188793 0.008082499 0.006121460 0.092278197 0.033014283 0.995166957
1341846316.502034 0.227249891 0.010576332 0.002440977 0.009919599 0.091490626 0.033033587 0.995208442
1341846316.537975 0.222052038 0.012226502 0.004763890 0.007551668 0.088530116 0.030917278 0.995564878
1341846316.570121 0.210593164 -0.000007267 0.005599643 0.006266839 0.089146994 0.026904756 0.995635271
1341846316.601885 0.204917446 -0.003152502 0.005023693 0.007989992 0.088446259 0.026420126 0.995698452
1341846316.638009 0.207233027 -0.001943563 0.005781515 0.010290541 0.085702792 0.028794954 0.995851398
1341846316.669925 0.203835234 -0.003733859 0.008542270 0.012727298 0.084643535 0.028023817 0.995935798
1341846316.705941 0.196838632 -0.010454812 0.004330761 0.016161768 0.085018612 0.028967513 0.995827079
1341846316.738062 0.180629879 -0.000490185 -0.000308185 0.019484961 0.085536137 0.031646978 0.995641708
1341846316.770433 0.171095252 0.004232663 -0.002584520 0.019125804 0.084979288 0.031249456 0.995708883
1341846316.805932 0.168045714 -0.008173853 0.004329379 0.018512148 0.084669545 0.031092195 0.995751798
1341846316.838029 0.158845752 -0.000812657 0.007761988 0.020669976 0.083415672 0.032953992 0.995755315
1341846316.870034 0.147128373 -0.001986190 0.011176822 0.021305438 0.080601744 0.033760082 0.995946646
1341846316.906344 0.139626116 -0.003006053 0.009743670 0.022207163 0.077471279 0.032427356 0.996219635
1341846316.937940 0.133860692 -0.001070532 0.003550224 0.022327008 0.076317824 0.029398236 0.996399939
1341846316.973994 0.126282781 -0.003978523 -0.002216564 0.021251742 0.074460119 0.028434206 0.996591985
1341846317.005913 0.121496670 -0.009010158 -0.003003266 0.019666258 0.071418203 0.029434480 0.996818066
1341846317.037936 0.113625750 -0.010712086 0.000235715 0.020135548 0.069089934 0.028278073 0.997006297
1341846317.073972 0.113489948 -0.012029846 0.000700270 0.021342633 0.066707000 0.029466750 0.997108996
1341846317.106113 0.107711397 -0.021457924 -0.004668581 0.022301594 0.065001234 0.034394342 0.997042894
1341846317.137887 0.085768148 -0.019843016 -0.009792473 0.025868287 0.060452394 0.036973562 0.997150600
1341846317.173970 0.081838369 -0.012122273 -0.001644419 0.027902978 0.053057827 0.039663941 0.997413158
1341846317.205887 0.071736783 -0.012923621 0.008321417 0.027909070 0.051215451 0.040383443 0.997480392
1341846317.248131 0.072196953 -0.017540732 0.000335788 0.028781999 0.047143199 0.043912254 0.997507334
1341846317.306289 0.054996166 -0.009674977 0.014209953 0.031080097 0.041905578 0.046179194 0.997569799
1341846317.348137 0.058738541 -0.016174622 0.012864552 0.031471293 0.041978560 0.047909159 0.997472823
1341846317.410120 0.039833125 -0.006667784 0.020329619 0.034269251 0.042128112 0.053336773 0.997098804
1341846317.442569 0.032537580 -0.017893964 0.010654497 0.035768773 0.042776216 0.056224260 0.996859848
1341846317.474010 0.029118368 -0.014011470 0.014347927 0.041758657 0.042668223 0.059388507 0.996447980
1341846317.509927 0.012704445 -0.006359848 0.017435234 0.045574326 0.041537721 0.062099308 0.996163249
1341846317.542282 0.008333242 -0.003555108 0.018615246 0.045003869 0.038437720 0.062865786 0.996265590
1341846317.573943 0.008060377 -0.012495199 0.019673815 0.043890912 0.039005361 0.061700944 0.996365964
1341846317.610159 0.000170711 -0.025040058 0.007039818 0.045244306 0.040988587 0.063611910 0.996105611
1341846317.643553 -0.011425966 -0.016039889 0.010585899 0.048592247 0.040579464 0.066780731 0.995757222
1341846317.677993 -0.023995979 -0.019484326 0.015484056 0.049091931 0.038020380 0.068595648 0.995710313
1341846317.709996 -0.028879253 -0.022582605 0.008272060 0.051433630 0.035392255 0.068504758 0.995695293
1341846317.741834 -0.040904287 -0.006267271 0.015188120 0.053068042 0.034845177 0.067492843 0.995697916
1341846317.777923 -0.047316693 -0.008644958 0.019692719 0.051054765 0.033588421 0.067040652 0.995876908
1341846317.810021 -0.057662982 -0.013512990 0.018367682 0.050343160 0.032184955 0.065109208 0.996087611
1341846317.841886 -0.071943119 -0.009059655 0.018378351 0.049979754 0.032409593 0.062936887 0.996238172
1341846317.878017 -0.076591559 -0.010271113 0.018379122 0.047405515 0.031646643 0.058404505 0.996664464
1341846317.909910 -0.074583985 -0.016201448 0.016370893 0.046040479 0.031832207 0.055129077 0.996909082
1341846317.946031 -0.088174343 -0.019586651 0.020391980 0.047058623 0.033516657 0.056642137 0.996721506
1341846317.978041 -0.095642284 -0.021346277 0.030068183 0.049057268 0.032311421 0.056791335 0.996656418
1341846318.009897 -0.100213006 -0.018151462 0.027792193 0.051449332 0.032406982 0.053210713 0.996730328
1341846318.045949 -0.113289334 -0.012043439 0.025979375 0.052239038 0.033913337 0.051880397 0.996709287
1341846318.078074 -0.128809959 -0.017822016 0.022968855 0.050609939 0.033197235 0.050175563 0.996904671
1341846318.109894 -0.132108375 -0.015818076 0.024201069 0.050673239 0.028496029 0.048658285 0.997122109
1341846318.145957 -0.139877617 -0.015023223 0.029235283 0.049950305 0.026788333 0.045079801 0.997374117
1341846318.178001 -0.147143602 -0.019738115 0.031195756 0.048869014 0.027228763 0.042207751 0.997541428
1341846318.214074 -0.164814904 -0.026382403 0.018785805 0.049202889 0.025965834 0.041460358 0.997590005
1341846318.245970 -0.174073249 -0.032681517 0.016418459 0.052190144 0.020412257 0.042871788 0.997507691
1341846318.278018 -0.182874873 -0.031798340 0.020675782 0.055646669 0.016053066 0.043172818 0.997387528
1341846318.313937 -0.190534830 -0.027756276 0.020744048 0.058208108 0.009914568 0.043028582 0.997327447
1341846318.345989 -0.187915966 -0.023526780 0.025609976 0.060108036 -0.000485489 0.042054955 0.997305453
1341846318.382046 -0.201142117 -0.021692298 0.033220612 0.062434357 -0.006461764 0.040294003 0.997214437
1341846318.414072 -0.210827291 -0.026565030 0.029162016 0.063389726 -0.012729426 0.041165225 0.997058272
1341846318.446035 -0.225889951 -0.030551635 0.019666905 0.065422073 -0.018366557 0.041663803 0.996818364
1341846318.482196 -0.234783471 -0.029375535 0.021632038 0.066467352 -0.019987768 0.040479276 0.996766746
1341846318.514144 -0.239394784 -0.031400025 0.024536014 0.066381179 -0.021604955 0.042314898 0.996662557
1341846318.546259 -0.245202824 -0.036010370 0.025738692 0.067684479 -0.022793192 0.041527543 0.996581554
1341846318.582042 -0.254645973 -0.030726194 0.026628541 0.069560871 -0.022379337 0.041539118 0.996461213
1341846318.614115 -0.270529568 -0.028943790 0.022804597 0.069265842 -0.021866372 0.039718699 0.996567369
1341846318.650038 -0.274529785 -0.030947875 0.016538134 0.068778813 -0.023042491 0.037537046 0.996659160
1341846318.682350 -0.283937246 -0.030155703 0.015032665 0.068493575 -0.023282029 0.035779491 0.996737897
1341846318.714063 -0.295694441 -0.031292219 0.016190631 0.067913368 -0.024163803 0.034546368 0.996800125
1341846318.749905 -0.301618367 -0.034648634 0.011366352 0.068752006 -0.024277460 0.036785219 0.996659756
1341846318.782036 -0.315260947 -0.037914135 0.011431228 0.069627620 -0.024842685 0.038470875 0.996521413
1341846318.814121 -0.328344584 -0.036030632 0.014356451 0.069935083 -0.029830214 0.036144815 0.996450067
1341846318.850072 -0.330859333 -0.045931000 0.005892737 0.069284119 -0.036346652 0.034861010 0.996324897
1341846318.883516 -0.346100122 -0.048620060 -0.008035010 0.072300524 -0.043904938 0.032822229 0.995875359
1341846318.918047 -0.349142671 -0.038910549 0.009353488 0.076260358 -0.056456231 0.030902077 0.995008588
1341846318.950044 -0.370825291 -0.043555371 0.003653740 0.077830903 -0.063534833 0.029149367 0.994512916
1341846318.982028 -0.375854969 -0.043452159 -0.002746545 0.079164185 -0.067566127 0.026952539 0.994203925
1341846319.018123 -0.386940658 -0.042054705 0.010201256 0.078824751 -0.072911330 0.026334552 0.993869722
1341846319.050745 -0.386458308 -0.048025191 0.022959756 0.080192842 -0.080368891 0.025618520 0.993203759
1341846319.081905 -0.388090611 -0.041602936 0.012221474 0.086421728 -0.080224387 0.022952244 0.992758036
1341846319.117976 -0.408783346 -0.039813254 -0.004309756 0.088585503 -0.078630492 0.028376538 0.992554605
1341846319.150093 -0.411635220 -0.040658548 0.007061521 0.090369068 -0.083790533 0.035485808 0.991742551
1341846319.186069 -0.410614669 -0.022017313 0.013756180 0.093390957 -0.085172072 0.035090610 0.991358936
1341846319.218149 -0.408671319 -0.013420562 0.001455968 0.090126000 -0.080520019 0.033762384 0.992095709
1341846319.250034 -0.417031169 -0.014838104 0.003189186 0.083781280 -0.074118711 0.033366825 0.993163526
1341846319.286594 -0.424000949 -0.025115835 0.011362650 0.081267506 -0.071697600 0.037641894 0.993397295
1341846319.318034 -0.437296659 -0.027317131 0.008086142 0.082379915 -0.070212401 0.040131867 0.993314266
1341846319.350268 -0.451495558 -0.032322619 0.017937381 0.082827769 -0.069545835 0.046133883 0.993063271
1341846319.386163 -0.469956160 -0.036166243 0.017527902 0.084133431 -0.073667772 0.055035591 0.992202461
1341846319.418386 -0.467605978 -0.031945217 -0.001236791 0.085594580 -0.079210572 0.055227950 0.991639614
1341846319.453961 -0.470046192 -0.027251616 0.008099426 0.086309977 -0.081402637 0.051963437 0.991576552
1341846319.486271 -0.486444771 -0.028206039 0.002703215 0.085339583 -0.080985926 0.050769128 0.991756499
1341846319.554083 -0.501244187 -0.030907687 0.008489137 0.080012754 -0.087255724 0.049837604 0.991715968
1341846319.586296 -0.514711797 -0.031721897 0.005835572 0.080415837 -0.086250030 0.045656275 0.991972625
1341846319.622031 -0.531085312 -0.031348415 -0.008584186 0.078869142 -0.089165382 0.042814732 0.991965771
1341846319.653962 -0.537207603 -0.035579257 0.011377970 0.078237921 -0.094378702 0.042043462 0.991566360
1341846319.686352 -0.543956339 -0.037785403 0.009960119 0.079699852 -0.098277286 0.044215593 0.990976512
1341846319.721992 -0.547173440 -0.027651485 0.010486828 0.081189618 -0.102506950 0.043716170 0.990449131
1341846319.754063 -0.555880547 -0.022532694 -0.012394468 0.077903420 -0.104225889 0.044231191 0.990510702
1341846319.786397 -0.558874309 -0.023947718 0.000667914 0.073576532 -0.104614027 0.048532307 0.990599275
1341846319.822008 -0.564033210 -0.025249217 0.002683956 0.070195608 -0.105725572 0.052092485 0.990545809
1341846319.853917 -0.567433834 -0.022804100 0.008154783 0.065403827 -0.106857330 0.056142371 0.990531087
1341846319.889942 -0.571165562 -0.033831649 0.016519576 0.061699525 -0.107625164 0.061000947 0.990398347
1341846319.922039 -0.583555460 -0.039691363 0.012614443 0.061200738 -0.111410499 0.062092982 0.989942729
1341846319.953946 -0.575273812 -0.045123097 0.017718131 0.061229236 -0.118473619 0.059131797 0.989301920
1341846319.990054 -0.584129274 -0.042528864 0.008712774 0.064295210 -0.120927177 0.051897395 0.989216506
1341846320.028122 -0.580370486 -0.044637736 0.005541384 0.066105604 -0.124662891 0.051490348 0.988654554
1341846320.090047 -0.565263987 -0.029392410 0.023152309 0.072875828 -0.132777438 0.050580379 0.987168074
1341846320.122011 -0.555324852 -0.029318759 0.023523588 0.073302887 -0.130878910 0.051947590 0.987318933
1341846320.157952 -0.548927903 -0.033038720 0.024137139 0.073226064 -0.128536791 0.052593183 0.987598181
1341846320.190003 -0.539193273 -0.037330072 0.033565190 0.075763397 -0.125363395 0.051561303 0.987869084
1341846320.221941 -0.530934215 -0.041287474 0.034960080 0.079286933 -0.122206561 0.053623296 0.987878382
1341846320.258015 -0.517510414 -0.045127157 0.027905855 0.083244458 -0.121631645 0.055457074 0.987522423
1341846320.289887 -0.507024944 -0.053001240 0.033248868 0.088138983 -0.122858040 0.055737473 0.986929953
1341846320.321954 -0.493889123 -0.052010082 0.029531088 0.097284757 -0.124140985 0.055505615 0.985922813
1341846320.357890 -0.481526673 -0.036907971 0.038253803 0.103653640 -0.123867534 0.056482486 0.985252500
1341846320.390064 -0.469945282 -0.036803611 0.015557762 0.104858115 -0.119697861 0.056122206 0.985660970
1341846320.426544 -0.453568667 -0.035707332 0.079136543 0.107910894 -0.113730080 0.053457104 0.986186087
1341846320.458122 -0.454113185 -0.039555483 0.066054784 0.108800068 -0.105481103 0.050010923 0.987185478
1341846320.490186 -0.433787584 -0.035646852 0.050949477 0.112769172 -0.098424494 0.048977062 0.987520635
1341846320.525911 -0.416272670 -0.036350880 0.024106037 0.115837030 -0.090328336 0.047486037 0.988011956
1341846320.558091 -0.374124438 -0.034246605 0.006729697 0.116330922 -0.088072717 0.044238817 0.988308251
1341846320.594093 -0.326217204 -0.029980116 0.028270636 0.117455386 -0.085520342 0.041499045 0.988518298
1341846320.631955 -0.373491228 -0.035792965 0.027878314 0.120259993 -0.074886583 0.039952796 0.989107311
1341846320.664916 -0.386150330 -0.034502294 0.012683544 0.120119445 -0.070998028 0.038105179 0.989484012
1341846320.699927 -0.353822201 -0.035888646 0.025835054 0.120338082 -0.069098562 0.036181096 0.989664078
1341846320.731822 -0.322773337 -0.031019505 0.036147635 0.122587219 -0.063574828 0.035684645 0.989776373
1341846320.763877 -0.344174504 -0.006638887 0.023691278 0.121538773 -0.060341295 0.035533968 0.990113437
1341846320.799999 -0.324348778 -0.031516261 0.014960087 0.112822562 -0.062760502 0.031627242 0.991126597
1341846320.831871 -0.283209741 -0.037233990 0.010939256 0.114324592 -0.052889243 0.027866762 0.991643131
1341846320.863887 -0.317867637 -0.016014285 0.024487378 0.114436850 -0.042435564 0.027683329 0.992137611
1341846320.900014 -0.319094867 -0.035910357 0.012737504 0.106474757 -0.046858713 0.032210998 0.992688179
1341846320.931889 -0.273306757 -0.044375874 0.023117995 0.106960848 -0.048819240 0.031997990 0.992548347
1341846320.967866 -0.276503414 -0.014025665 0.035515178 0.108123384 -0.042802013 0.028417232 0.992809057
1341846321.000017 -0.271218091 -0.022056995 0.030660428 0.101434894 -0.042573001 0.027164502 0.993559539
1341846321.031860 -0.254955441 -0.033785511 0.030861514 0.098858215 -0.042368352 0.024957335 0.993885875
1341846321.068047 -0.247878343 -0.028117280 0.022826245 0.099575318 -0.038734142 0.021900108 0.994034588
1341846321.099840 -0.247573823 -0.031618312 0.012993745 0.096804343 -0.036942888 0.022694124 0.994358659
1341846321.131821 -0.221992448 -0.042314809 0.021382594 0.096638463 -0.036380067 0.024817500 0.994344831
1341846321.167887 -0.217275709 -0.036142405 0.026123846 0.099736944 -0.032440256 0.025183510 0.994165957
1341846321.200042 -0.212426215 -0.031708512 0.024169825 0.100170664 -0.029628003 0.024864564 0.994218171
1341846321.231950 -0.202283785 -0.037687626 0.025399657 0.099289097 -0.028657200 0.023465363 0.994369090
1341846321.267939 -0.185345769 -0.032661382 0.019312542 0.100028865 -0.027036227 0.018899526 0.994437575
1341846321.299948 -0.177993208 -0.035406269 0.028138861 0.098655745 -0.022736317 0.012988780 0.994777024
1341846321.331858 -0.173310488 -0.039919626 0.030999944 0.098595828 -0.019847658 0.009340546 0.994885743
1341846321.367913 -0.152723357 -0.045638289 0.026602427 0.099625617 -0.018050373 0.005386324 0.994846702
1341846321.399897 -0.146162242 -0.041568950 0.024061300 0.101696804 -0.012775015 0.004221619 0.994724452
1341846321.435994 -0.144011751 -0.047171626 0.026598055 0.102912270 -0.009188360 0.003816511 0.994640648
1341846321.467946 -0.133435071 -0.044845730 0.030933255 0.104945838 -0.006609499 0.004325254 0.994446576
1341846321.499882 -0.123539217 -0.042914126 0.026555624 0.106585935 -0.003671078 0.004309787 0.994287372
1341846321.536109 -0.093434364 -0.036521323 0.015927183 0.106292225 0.000042225 0.001960534 0.994332969
1341846321.568960 -0.108600885 -0.027224885 0.033783041 0.103833415 0.008376976 -0.001372378 0.994558454
1341846321.603938 -0.097040460 -0.034991618 0.033947650 0.099921331 0.010122888 -0.000414545 0.994943798
1341846321.637163 -0.064561114 -0.024339054 0.016887212 0.097836837 0.013411443 -0.000942750 0.995111644
1341846321.668306 -0.082249530 -0.024588261 0.049164325 0.093332417 0.024455547 0.001079727 0.995334029
1341846321.704411 -0.093835115 -0.034542851 0.038844656 0.089449465 0.026437642 0.008976842 0.995599926
1341846321.736861 -0.080132648 -0.031328958 0.040440124 0.088657536 0.023457287 0.017619928 0.995630026
1341846321.771881 -0.066203259 -0.012044702 0.045535821 0.087252036 0.022980003 0.022165501 0.995674491
1341846321.804114 -0.058657814 -0.019470615 0.045589004 0.082560435 0.025124803 0.024953851 0.995956719
1341846321.836152 -0.062669575 -0.008640681 0.048408795 0.080347240 0.028401002 0.025158130 0.996044517
1341846321.871882 -0.055684626 -0.001757952 0.053511150 0.075257376 0.029282903 0.022804862 0.996473134
1341846321.904074 -0.049217749 -0.005455264 0.056584228 0.068701237 0.030544233 0.019934518 0.996970296
1341846321.939847 -0.045657132 -0.011528290 0.057719331 0.064210430 0.033469699 0.016846616 0.997232676
1341846322.004094 -0.052983709 -0.015207960 0.057530742 0.057492331 0.031904001 0.016420515 0.997700930
1341846322.066178 -0.032833084 -0.024044463 0.054420002 0.052240908 0.035836104 0.014002152 0.997893095
1341846322.107979 -0.038265515 -0.039326716 0.059609763 0.049415976 0.038216960 0.012526595 0.997968256
1341846322.166164 -0.037511677 -0.060311444 0.055213127 0.052329928 0.037993204 0.012532425 0.997828126
1341846322.202932 -0.033002008 -0.064574316 0.051597442 0.053761642 0.035054985 0.012998617 0.997853637
1341846322.234093 -0.036234744 -0.066150397 0.050456252 0.052891076 0.034302436 0.010426261 0.997956514
1341846322.265941 -0.034423482 -0.074748419 0.052940898 0.050416149 0.031005604 0.011493808 0.998180747
1341846322.301996 -0.028274799 -0.089031219 0.052385658 0.048272789 0.029172452 0.012070306 0.998335123
1341846322.333949 -0.036638644 -0.103758186 0.044110641 0.047172002 0.027634624 0.011642120 0.998436570
1341846322.369871 -0.023821147 -0.119270250 0.046557270 0.047870748 0.021272063 0.008683725 0.998589277
1341846322.402292 -0.009035225 -0.134608179 0.043744888 0.049466129 0.021883253 0.002626806 0.998532593
1341846322.433955 -0.023857426 -0.159220904 0.052780885 0.053731352 0.024697362 -0.001546452 0.998248756
1341846322.470030 -0.021358855 -0.159459352 0.053368457 0.062935859 0.019793235 0.002187597 0.997818887
1341846322.502433 -0.013040799 -0.181049496 0.055591937 0.068109304 0.016570983 0.004815594 0.997528613
1341846322.534002 -0.006666344 -0.199963897 0.052974597 0.075805105 0.016072962 0.006178937 0.996973991
1341846322.570196 -0.009395080 -0.205169961 0.052048616 0.085695736 0.016132534 0.008009404 0.996158540
1341846322.601920 -0.018517297 -0.212882265 0.052549735 0.091623776 0.013522261 0.012074136 0.995628655
1341846322.638119 -0.003026643 -0.227154225 0.057580315 0.096729197 0.009393088 0.011886016 0.995195448
1341846322.669947 0.009438918 -0.230291739 0.059107363 0.101796217 0.011821834 0.010616143 0.994678378
1341846322.702026 -0.004029705 -0.235143512 0.058556993 0.105233826 0.014726067 0.012918573 0.994254529
1341846322.738006 -0.004464430 -0.237588674 0.064461038 0.106630862 0.011975529 0.013865947 0.994129837
1341846322.770087 0.006891930 -0.260369867 0.061055735 0.105745487 0.012093706 0.013916125 0.994222283
1341846322.806047 -0.002471651 -0.273830652 0.064089894 0.109110467 0.012417607 0.015274373 0.993834734
1341846322.838063 -0.005213672 -0.278863221 0.062417146 0.111124977 0.008077692 0.018214362 0.993606687
1341846322.870081 0.001685553 -0.292647362 0.074059926 0.113196515 0.002798549 0.019735262 0.993372619
1341846322.906018 0.011881155 -0.292708427 0.076898336 0.118497670 0.000705382 0.018921398 0.992773771
1341846322.938349 0.009523272 -0.277827829 0.081136771 0.119901597 0.001862523 0.020027731 0.992582023
1341846322.970069 0.012250350 -0.285547256 0.073978938 0.114764623 0.001395107 0.022016773 0.993147731
1341846323.011820 0.017262606 -0.301154166 0.079394840 0.111816227 0.001388810 0.022485988 0.993473530
1341846323.073951 0.014744008 -0.298846066 0.079243414 0.109510668 0.001390372 0.026977340 0.993618548
1341846323.105962 0.017581295 -0.319684237 0.083037555 0.105835073 0.001257582 0.026953211 0.994017601
1341846323.138158 0.017663341 -0.321578413 0.083451532 0.106310263 0.001296323 0.023259958 0.994060099
1341846323.174092 0.014987064 -0.319155514 0.081419222 0.105018564 0.001009717 0.022041537 0.994225502
1341846323.206059 0.024203232 -0.329583138 0.083571434 0.101638481 -0.000040933 0.019764468 0.994625032
1341846323.238053 0.028682478 -0.330299735 0.084300786 0.099168867 0.002887300 0.018030763 0.994903028
1341846323.273997 0.006563226 -0.329148829 0.078966610 0.095527329 0.004441170 0.018291801 0.995248854
1341846323.305946 0.013922658 -0.340429693 0.080126658 0.089881681 0.000005089 0.019202575 0.995767295
1341846323.342027 0.044002108 -0.357601762 0.083512798 0.087498352 -0.000020424 0.018227018 0.995997846
1341846323.374048 0.020958187 -0.365714878 0.084859103 0.087818094 0.004910224 0.019438442 0.995934725
1341846323.405987 0.004196267 -0.376278013 0.076076068 0.087820373 0.001690911 0.024199681 0.995840847
1341846323.441956 0.022470091 -0.385824233 0.084637567 0.088846140 -0.003458387 0.026659353 0.995682538
1341846323.473878 0.027394686 -0.397464722 0.081281431 0.092621997 -0.002229922 0.025425717 0.995374143
1341846323.506129 0.019749364 -0.389913976 0.080579691 0.095794998 -0.002033271 0.022629507 0.995141745
1341846323.541972 0.029625988 -0.393194437 0.079104602 0.094097674 -0.002596034 0.020960091 0.995338917
1341846323.573913 0.048942946 -0.410293430 0.072165042 0.092902668 0.000668058 0.014943412 0.995562792
1341846323.609927 0.037291251 -0.407847375 0.083698511 0.093922533 0.007156302 0.011143301 0.995491445
1341846323.642014 0.026978595 -0.418521523 0.086560093 0.092678912 0.009145143 0.012173001 0.995579660
1341846323.674081 0.024430249 -0.431088120 0.085068367 0.092382155 0.007631700 0.014323439 0.995591342
1341846323.710069 0.024075581 -0.451231122 0.081787817 0.093368717 0.006327298 0.018052593 0.995447814
1341846323.742111 0.022763308 -0.461964548 0.077179544 0.097668007 0.004770316 0.019258410 0.995021224
1341846323.774928 0.025099864 -0.457616806 0.074424490 0.101521924 0.002313079 0.016640829 0.994691372
1341846323.810012 0.025543433 -0.459008545 0.075081080 0.103130437 0.001209174 0.013366648 0.994577289
1341846323.842207 0.029592244 -0.465226948 0.070680693 0.104425013 0.001140087 0.008481179 0.994495928
1341846323.878019 0.022473149 -0.475921363 0.063493699 0.104985155 0.000789450 0.004216147 0.994464517
1341846323.909826 0.024270047 -0.492933512 0.071183853 0.107787870 -0.001085883 -0.001248953 0.994172513
1341846323.942459 0.021470066 -0.491054177 0.069824263 0.111912824 -0.001007424 -0.001584268 0.993716240
1341846323.978055 0.014948036 -0.495378613 0.070948668 0.114081979 -0.003661930 0.000367764 0.993464530
1341846324.015934 0.024846593 -0.497187048 0.070548944 0.117824800 -0.006283437 0.000014768 0.993014514
1341846324.047722 0.025639653 -0.486805111 0.064666502 0.121699251 -0.004733676 -0.001113520 0.992555082
1341846324.083904 0.025948407 -0.470138133 0.068071850 0.122329205 -0.003220172 -0.000283193 0.992484331
1341846324.115968 0.029412277 -0.472604930 0.063090861 0.120005623 -0.001805843 -0.002941406 0.992767215
1341846324.151967 0.038473960 -0.468757749 0.055711869 0.119152419 0.000567703 -0.007326464 0.992848754
1341846324.183941 0.027668316 -0.451851308 0.067803584 0.117112897 0.005407727 -0.012109147 0.993030012
1341846324.219984 0.024065798 -0.448497146 0.071750067 0.112933554 0.007229854 -0.010858762 0.993516862
1341846324.251968 0.020602269 -0.450205207 0.070065305 0.112134725 0.007560619 -0.011353305 0.993599355
1341846324.284052 0.017870797 -0.435623974 0.069531024 0.112890907 0.006909239 -0.010429633 0.993528664
1341846324.319880 0.006540782 -0.420100987 0.064813703 0.111862145 0.004249501 -0.011877828 0.993643641
1341846324.351917 0.012547825 -0.402159512 0.065379441 0.109011583 0.000560866 -0.013016781 0.993955076
1341846324.388001 0.022105079 -0.395405471 0.075441554 0.104569502 0.000149079 -0.017509487 0.994363427
1341846324.419908 0.019356314 -0.386383563 0.072771974 0.099624701 0.002439035 -0.018632082 0.994847655
1341846324.452027 0.013306201 -0.381738931 0.084451556 0.095245644 0.002890755 -0.020052340 0.995247602
1341846324.487928 0.009979527 -0.377558768 0.081699833 0.093539238 0.002716110 -0.018217692 0.995445192
1341846324.519985 -0.002081080 -0.366713434 0.083529674 0.092247896 0.001275103 -0.013769328 0.995640039
1341846324.556001 -0.002525133 -0.347550988 0.081745327 0.090960972 -0.003854195 -0.009399772 0.995802641
1341846324.587888 0.001436406 -0.336116046 0.082298078 0.087546512 -0.007069655 -0.007186470 0.996109426
1341846324.620086 0.002384008 -0.330885828 0.086207785 0.085338399 -0.009734568 -0.009591515 0.996258259
1341846324.655955 0.006367990 -0.316164136 0.086652629 0.084322751 -0.011058762 -0.010580405 0.996320963
1341846324.688082 0.003417873 -0.314048976 0.090792105 0.083554909 -0.010823800 -0.009993228 0.996394277
1341846324.755922 -0.013133508 -0.276705861 0.090904109 0.085245907 -0.013309949 -0.005981825 0.996253014
1341846324.814016 0.008332032 -0.242847085 0.088020593 0.080645561 -0.020161087 -0.008824676 0.996499836
1341846324.849979 -0.004807579 -0.237799287 0.098805405 0.074545629 -0.016284401 -0.011104608 0.997022808
1341846324.881924 -0.010083652 -0.235310480 0.103583112 0.071397565 -0.017427500 -0.011053447 0.997234464
1341846324.913902 -0.005166844 -0.225031391 0.106384106 0.070480138 -0.019153168 -0.007907017 0.997297943
1341846324.949999 -0.008190565 -0.228963807 0.108817995 0.070578799 -0.019111993 -0.005095349 0.997310042
1341846324.981922 -0.018314395 -0.225026637 0.103933133 0.074601516 -0.020981858 -0.001372878 0.996991694
1341846325.018013 -0.016591562 -0.211845234 0.099543117 0.079027303 -0.026293075 0.001005537 0.996525109
1341846325.050079 -0.022604603 -0.192914322 0.104969107 0.081552796 -0.031083461 -0.000420821 0.996184111
1341846325.081901 -0.019260427 -0.173816800 0.101564988 0.081175633 -0.036550730 -0.002157342 0.996027052
1341846325.118531 -0.008278394 -0.161448479 0.100848407 0.076843269 -0.038788617 -0.003794553 0.996281147
1341846325.149933 -0.009381064 -0.161815181 0.105115831 0.070795387 -0.036486797 -0.005658644 0.996807218
1341846325.181925 -0.014527172 -0.156849191 0.099340595 0.067573942 -0.034850311 -0.004091463 0.997097015
1341846325.218055 -0.015820680 -0.148890868 0.105938517 0.065050393 -0.034684699 0.000007364 0.997278988
1341846325.249811 -0.017966824 -0.141770691 0.108694479 0.062897883 -0.034703556 0.004217266 0.997407496
1341846325.285925 -0.013175573 -0.132183477 0.103215143 0.060223456 -0.035738967 0.007618587 0.997515857
1341846325.317988 -0.000464136 -0.135798275 0.112222634 0.057627011 -0.034147330 0.009917347 0.997704744
1341846325.349844 -0.007324612 -0.139362380 0.116144247 0.060227815 -0.028677180 0.012172831 0.997698367
1341846325.387302 -0.006811262 -0.126382187 0.115344100 0.065367028 -0.025881877 0.014488596 0.997420371
1341846325.417931 0.006497199 -0.118986219 0.115465187 0.067882627 -0.021682186 0.018116869 0.997293115
1341846325.450747 0.014462521 -0.126783475 0.120869160 0.072106533 -0.014250513 0.019748945 0.997099578
1341846325.485954 -0.004367950 -0.107973568 0.123475060 0.081252366 -0.006191729 0.021693086 0.996438205
1341846325.517875 -0.005115954 -0.101832412 0.118205503 0.084566951 -0.003512541 0.023765324 0.996128142
1341846325.553859 -0.005588513 -0.093232624 0.119443864 0.087809846 0.000178864 0.023049284 0.995870531
1341846325.585855 -0.013245733 -0.072592899 0.119867422 0.090890765 0.003703413 0.021083044 0.995630741
1341846325.617990 -0.014865944 -0.050483588 0.118914649 0.088596158 0.005247544 0.020599676 0.995840788
1341846325.653982 -0.018462233 -0.067152888 0.124420516 0.084637456 0.007395097 0.017937290 0.996222913
1341846325.685819 -0.018547298 -0.067350492 0.122785114 0.089787453 0.008660115 0.019311925 0.995736063
1341846325.717857 -0.023545148 -0.050715275 0.129220039 0.094925113 0.009938019 0.026221238 0.995089412
1341846325.754083 -0.027261777 -0.049769875 0.132767037 0.097684644 0.010230845 0.030446837 0.994699001
1341846325.786087 -0.022061260 -0.044600505 0.133677572 0.104019538 0.010280424 0.031957101 0.994008541
1341846325.821856 -0.025811018 -0.025072085 0.131117135 0.108501129 0.012369853 0.033213329 0.993464351
1341846325.853827 -0.033062089 -0.018865563 0.130218416 0.109041028 0.013327152 0.036593392 0.993274093
1341846325.885958 -0.042379558 -0.007009487 0.128142789 0.109744683 0.011058399 0.042179022 0.993002892
1341846325.921984 -0.038009647 -0.003080438 0.139015540 0.108754329 0.006863488 0.046528649 0.992955446
1341846325.953899 -0.023835568 -0.000395702 0.137610778 0.111647032 0.006408416 0.048441704 0.992545903
1341846325.985823 -0.029526262 0.014280042 0.142071933 0.114719227 0.009554442 0.052434515 0.991967142
1341846326.021991 -0.036478713 0.015738301 0.145001516 0.117423877 0.010244380 0.057882249 0.991340697
1341846326.054055 -0.030276004 0.027972570 0.142608956 0.122504257 0.008902557 0.061378542 0.990528226
1341846326.089984 -0.024680752 0.047355119 0.144921020 0.125475973 0.010537098 0.061012462 0.990162730
1341846326.121822 -0.028607082 0.058852393 0.146991655 0.125201538 0.014861199 0.058166448 0.990313292
1341846326.154079 -0.031356104 0.058989327 0.155667081 0.125409380 0.017283184 0.057019070 0.990314424
1341846326.190178 -0.037426326 0.070980117 0.153829053 0.128193080 0.017300360 0.059246752 0.989826798
1341846326.222162 -0.035786144 0.086227454 0.158624992 0.127375841 0.015130114 0.064997330 0.989606917
1341846326.259181 -0.035925448 0.099561408 0.167426273 0.124357618 0.012499026 0.069313526 0.989734590
1341846326.322766 -0.029326502 0.120889895 0.174477547 0.116927236 0.011541435 0.068166517 0.990731120
1341846326.359773 -0.028984921 0.125681356 0.174879402 0.113112599 0.013154043 0.065784901 0.991314709
1341846326.392109 -0.027687831 0.117306478 0.182053357 0.110782236 0.014930202 0.067136496 0.991462111
1341846326.423985 -0.032522425 0.125707284 0.181951120 0.115296945 0.016035182 0.072554834 0.990547955
1341846326.459869 -0.037252612 0.140141800 0.181992531 0.117483094 0.013724710 0.075887397 0.990076005
1341846326.526163 -0.027685126 0.174922824 0.179808393 0.118333995 0.015189357 0.074523419 0.990056872
1341846326.560211 -0.030148864 0.181938678 0.191033751 0.113225341 0.019128367 0.074283846 0.990603864
1341846326.591828 -0.029887021 0.188349828 0.192815259 0.110069953 0.020979339 0.076152354 0.990780115
1341846326.627027 -0.030519901 0.199153841 0.191891491 0.109872751 0.022777282 0.075442716 0.990816653
1341846326.658442 -0.026157761 0.217050403 0.203019381 0.108285792 0.026120113 0.073968217 0.991020024
1341846326.694856 -0.035342854 0.227537826 0.200863570 0.104537845 0.030362634 0.073526248 0.991334379
1341846326.726206 -0.037152629 0.240139693 0.197060615 0.098909751 0.031429578 0.072330266 0.991966426
1341846326.762753 -0.031466741 0.252295345 0.197614416 0.092989787 0.033485901 0.069204710 0.992694438
1341846326.826821 -0.033970047 0.275354058 0.197987810 0.077522635 0.039137073 0.066615716 0.993992388
1341846326.858887 -0.038701892 0.279253572 0.211328730 0.068973847 0.041018635 0.064788744 0.994667053
1341846326.895360 -0.041844189 0.294291168 0.226398095 0.068378828 0.040344935 0.066894539 0.994596243
1341846326.926897 -0.042582493 0.301936477 0.228335291 0.070329592 0.036677741 0.068151519 0.994516909
1341846326.958888 -0.035125777 0.317058057 0.225203827 0.073206447 0.033929776 0.071263783 0.994188666
1341846326.994594 -0.033855174 0.331427455 0.219318211 0.074005678 0.034271706 0.073711231 0.993939281
1341846327.026301 -0.033259653 0.352532774 0.217418820 0.073253728 0.035761110 0.071014546 0.994138777
1341846327.063945 -0.030241881 0.351191312 0.228834793 0.069247894 0.037841629 0.069261774 0.994472504
1341846327.094662 -0.035959035 0.360416919 0.231260866 0.068990327 0.040633388 0.066889122 0.994542658
1341846327.128901 -0.037102543 0.366835147 0.241472423 0.067815080 0.040771481 0.065472625 0.994712114
1341846327.161940 -0.035634805 0.377226591 0.233577460 0.066499598 0.039356366 0.065463923 0.994858444
1341846327.193867 -0.029093670 0.380036563 0.232873410 0.064981602 0.040333942 0.063387021 0.995054066
1341846327.229885 -0.029469788 0.395726979 0.238897219 0.066432409 0.043980431 0.060941007 0.994956613
1341846327.262014 -0.017825441 0.408465713 0.243859068 0.065922245 0.047751825 0.057924610 0.994996846
1341846327.294023 -0.010996682 0.412300169 0.247450262 0.068953954 0.059332866 0.053851057 0.994396806
1341846327.330015 -0.020519629 0.444147617 0.243642986 0.073154412 0.070373930 0.050024979 0.993576109
1341846327.361939 -0.020426678 0.452608138 0.253959417 0.069597259 0.075578675 0.043654561 0.993749678
1341846327.393887 -0.023326738 0.460007995 0.254953176 0.068046942 0.077936582 0.037644919 0.993920684
1341846327.429966 -0.033813946 0.489722252 0.257809758 0.068124041 0.078441888 0.037745215 0.993871868
1341846327.461965 -0.049120396 0.487791091 0.249678299 0.057655349 0.075777650 0.035368919 0.994827986
1341846327.497931 -0.032271951 0.501662433 0.263840884 0.053793646 0.071927115 0.034896445 0.995346665
1341846327.530068 -0.038349144 0.514240265 0.270434260 0.053090934 0.073293500 0.038635809 0.995146573
1341846327.561895 -0.042631805 0.520184338 0.278917789 0.051052518 0.071461253 0.043508772 0.995185375
1341846327.598010 -0.043088675 0.530987382 0.281495869 0.053162366 0.067671441 0.048413631 0.995113254
1341846327.629945 -0.049535543 0.544362187 0.283110589 0.053520057 0.063581400 0.048162531 0.995375991
1341846327.662003 -0.044414405 0.545145988 0.280204594 0.052518137 0.059305687 0.044164315 0.995878637
1341846327.697919 -0.044549670 0.572188497 0.283179045 0.057091493 0.058680981 0.045090370 0.995622396
1341846327.730075 -0.065383993 0.583361208 0.276906282 0.051612299 0.061177902 0.045139555 0.995768964
1341846327.766017 -0.041713879 0.598479211 0.285040349 0.048247598 0.056585394 0.046954412 0.996125281
1341846327.797917 -0.046461441 0.620854080 0.287358969 0.045489598 0.056669049 0.048870463 0.996158123
1341846327.830054 -0.045827776 0.624028862 0.288435698 0.037392855 0.056197986 0.048662283 0.996531785
1341846327.865944 -0.036931206 0.636098146 0.289484650 0.034055278 0.056217704 0.049273036 0.996620297
1341846327.898010 -0.047375049 0.645729721 0.293406487 0.031528063 0.058514964 0.050198160 0.996524990
1341846327.929991 -0.047156822 0.649578810 0.295732826 0.026383812 0.056879580 0.047911663 0.996881664
1341846327.966065 -0.044711288 0.665989995 0.294083297 0.022962382 0.056878779 0.045014404 0.997101426
1341846327.998073 -0.044771347 0.673107743 0.294414699 0.016137021 0.057830144 0.042418253 0.997294307
1341846328.034045 -0.043764800 0.676998258 0.295777142 0.010214202 0.058487602 0.040981911 0.997394264
1341846328.065993 -0.046703070 0.679639101 0.294293523 0.004864593 0.059595980 0.041393369 0.997352123
1341846328.098045 -0.046023324 0.665495753 0.296021104 0.002387020 0.059825327 0.042524792 0.997299790
1341846328.133967 -0.050080720 0.661638796 0.297177345 0.005076874 0.059385758 0.045554101 0.997182190
1341846328.166023 -0.054556977 0.657320142 0.293123722 0.004369111 0.056663133 0.046667773 0.997292519
1341846328.198018 -0.049324106 0.642046928 0.292933583 0.003311211 0.053263620 0.043792874 0.997614264
1341846328.234044 -0.048379648 0.636734426 0.286320299 0.006743034 0.051667701 0.043601278 0.997689247
1341846328.265899 -0.049530275 0.624039829 0.285237044 0.008203523 0.049886428 0.044210702 0.997742176
1341846328.302051 -0.047167428 0.604528904 0.280527860 0.010305109 0.049654633 0.044374861 0.997726977
1341846328.333917 -0.047108632 0.586064696 0.279045850 0.012878588 0.049686871 0.046433084 0.997601807
1341846328.366008 -0.050816253 0.543091297 0.282842547 0.015417610 0.050676096 0.040063091 0.997792125
1341846328.402010 -0.051924925 0.528110862 0.272745699 0.027470436 0.052769914 0.043741796 0.997269928
1341846328.433920 -0.042184699 0.526941955 0.260082483 0.032965869 0.049045492 0.046001684 0.997191846
1341846328.470003 -0.038620532 0.498826802 0.257372648 0.032046732 0.047789708 0.037662167 0.997632563
1341846328.502194 -0.033891272 0.478429377 0.257626504 0.033500768 0.049272779 0.031489767 0.997726560
1341846328.534033 -0.025833011 0.457290024 0.254444391 0.034284495 0.051310893 0.028231049 0.997694731
1341846328.570125 -0.036143530 0.427679867 0.254606783 0.035088807 0.053573191 0.027920512 0.997556567
1341846328.602804 -0.040696863 0.405108482 0.252942085 0.039724208 0.048550602 0.032949053 0.997486413
1341846328.672663 -0.032473590 0.370503843 0.248742312 0.049503431 0.034747258 0.029544612 0.997731984
1341846328.702975 -0.033109054 0.350707620 0.250356466 0.051363055 0.032086369 0.028535813 0.997756481
1341846328.770129 -0.020133737 0.318333924 0.238514051 0.059547834 0.027821235 0.026787514 0.997478068
1341846328.802331 -0.018521704 0.299005181 0.235259861 0.059658732 0.024720369 0.027340967 0.997538090
1341846328.838051 -0.013922458 0.280426592 0.234106123 0.063246273 0.022481356 0.024153966 0.997452319
1341846328.869939 -0.010295162 0.284689635 0.225937575 0.064237989 0.020842575 0.023559788 0.997438729
1341846328.904486 -0.016468951 0.268376440 0.223110750 0.059864730 0.018967204 0.022040315 0.997782886
1341846328.939814 -0.007258725 0.231415913 0.227418661 0.060851086 0.015596463 0.021142485 0.997801006
1341846328.970217 -0.002785915 0.221540049 0.211918965 0.064426005 0.013266217 0.025655352 0.997504473
1341846329.006232 -0.002658781 0.222961381 0.219377637 0.066810898 0.010655014 0.029809639 0.997263372
1341846329.038243 0.003096122 0.192195311 0.210487261 0.068636574 0.009415831 0.030037781 0.997144997
1341846329.106125 -0.002113117 0.194715902 0.195370689 0.072704226 0.010117202 0.029681558 0.996860445
1341846329.138340 0.003831726 0.170895889 0.200209275 0.073213421 0.008907968 0.026504837 0.996924222
1341846329.169991 0.004063293 0.171381235 0.192020640 0.075544722 0.007923447 0.025557211 0.996783316
1341846329.208656 0.008895994 0.160596296 0.192450628 0.075666502 0.006602556 0.024047520 0.996821284
1341846329.238169 0.009011789 0.164548695 0.179437861 0.075898476 0.005383063 0.025569703 0.996773124
1341846329.273827 0.013031273 0.145463109 0.187133804 0.073324107 0.004236916 0.025168687 0.996981561
1341846329.306052 0.009682648 0.144815445 0.182229325 0.074185103 0.002229153 0.023922272 0.996955037
1341846329.338104 0.018419199 0.144793391 0.176234379 0.070804588 -0.000215887 0.022745466 0.997230828
1341846329.373907 0.015038449 0.120017663 0.169537902 0.066371642 -0.000637047 0.021732397 0.997558117
1341846329.405985 0.014450427 0.112797305 0.173305258 0.067759052 -0.002099689 0.019311553 0.997512579
1341846329.442057 0.013433418 0.113294110 0.169380635 0.067836873 -0.002460104 0.015906524 0.997566581
1341846329.473950 0.010705351 0.096832156 0.165392399 0.066107005 -0.003331056 0.009835922 0.997758508
1341846329.506147 0.013429930 0.092006117 0.157680511 0.066301949 -0.005582584 0.007518699 0.997755647
1341846329.542121 0.007907681 0.079918668 0.156074345 0.064500540 -0.007984004 0.006202709 0.997866452
1341846329.574086 0.015093459 0.063047297 0.156372368 0.066527501 -0.010889547 0.005331129 0.997710943
1341846329.606387 0.016932094 0.059503783 0.150952235 0.069033287 -0.011546031 0.003950668 0.997539759
1341846329.641955 0.010629805 0.056651440 0.149238825 0.069111519 -0.012338282 0.004506020 0.997522473
1341846329.681570 0.010640426 0.043395963 0.150156349 0.067996986 -0.015265466 0.004465659 0.997558773
1341846329.748113 0.017161835 0.040762484 0.149519444 0.070478573 -0.015720939 0.002061363 0.997387290
1341846329.810175 0.013981073 0.013305974 0.145113230 0.067688376 -0.012267113 0.006968770 0.997606754
1341846329.842255 0.013986549 0.004369531 0.142604366 0.069205686 -0.012178011 0.010536341 0.997472465
1341846329.874044 0.012634210 -0.002222200 0.146159291 0.071115069 -0.012249837 0.013530555 0.997301161
1341846329.910073 0.011363245 0.001993889 0.138165176 0.071462929 -0.012532743 0.015841508 0.997238755
1341846329.942009 0.008728351 -0.000110380 0.139580175 0.066864617 -0.012713145 0.021146614 0.997456968
1341846329.978087 0.013708306 -0.024679614 0.143788144 0.064318396 -0.013568795 0.022352327 0.997586787
1341846330.016305 0.017623680 -0.014964860 0.137953296 0.067025706 -0.012806890 0.020165242 0.997465253
1341846330.048192 0.011709053 -0.008777024 0.138360307 0.063633710 -0.011105539 0.021831924 0.997672677
1341846330.080418 0.013841554 -0.031751052 0.140325770 0.058264516 -0.011497064 0.023958243 0.997947454
1341846330.115886 0.014754218 -0.045901660 0.139119431 0.060709465 -0.009816172 0.024879497 0.997797072
1341846330.147839 0.007136783 -0.029957905 0.133522332 0.063986979 -0.009090462 0.026255343 0.997563899
1341846330.181257 0.006655700 -0.018653685 0.130695060 0.059658352 -0.009521260 0.029165812 0.997747242
1341846330.215852 0.009763504 -0.032993078 0.135397553 0.052835148 -0.009055199 0.028924406 0.998143196
1341846330.247833 0.003635727 -0.039157756 0.135780618 0.050853126 -0.008144073 0.027759748 0.998287082
1341846330.283913 0.000647123 -0.025975103 0.131256774 0.048077039 -0.008435756 0.028166665 0.998410761
1341846330.316011 -0.000586158 -0.041382618 0.133083045 0.041042879 -0.009230883 0.027400648 0.998738945
1341846330.347868 -0.000968597 -0.051182143 0.131315097 0.038244929 -0.011016409 0.027158754 0.998838544
1341846330.383835 0.003718193 -0.051407624 0.133479074 0.036808796 -0.011874873 0.027200701 0.998881519
1341846330.415934 0.003220798 -0.067811206 0.130853876 0.035575893 -0.011004753 0.025273919 0.998986781
1341846330.452561 -0.003049406 -0.070681751 0.128974482 0.038152929 -0.010980486 0.024188483 0.998918772
1341846330.483903 -0.006574568 -0.064599156 0.122685112 0.038706563 -0.012613524 0.026794242 0.998811722
1341846330.515970 -0.005271852 -0.073561512 0.125107199 0.036938727 -0.015091846 0.030484982 0.998738468
1341846330.552099 -0.005280806 -0.077066317 0.123983011 0.038311802 -0.016187556 0.032258753 0.998613834
1341846330.583876 -0.008141453 -0.066054910 0.121994101 0.038571011 -0.016471174 0.032313913 0.998597443
1341846330.619992 -0.014853434 -0.056367084 0.115015380 0.034848854 -0.017228000 0.032089472 0.998728752
1341846330.652136 -0.011089236 -0.066784568 0.117750838 0.027419733 -0.019172020 0.030427614 0.998976886
1341846330.683796 -0.013603748 -0.071857408 0.113611527 0.022494501 -0.018946346 0.029455610 0.999133348
1341846330.719991 -0.016317381 -0.086319037 0.105039775 0.019402498 -0.021241039 0.031069970 0.999103129
1341846330.752103 -0.021811945 -0.088554934 0.099544577 0.021372449 -0.024995195 0.035334192 0.998834312
1341846330.787952 -0.026738530 -0.081926391 0.094266683 0.022613410 -0.029503327 0.038773119 0.998556435
1341846330.819823 -0.024730803 -0.083077624 0.094507344 0.022176459 -0.033929668 0.039709579 0.998388767
1341846330.852208 -0.024092384 -0.074107900 0.092939220 0.022409994 -0.035537340 0.039983761 0.998316705
1341846330.914111 -0.028457994 -0.061498277 0.090017088 0.013844980 -0.038894847 0.039214320 0.998377562
1341846330.949903 -0.034070354 -0.075333454 0.085792087 0.009952345 -0.039628725 0.039681390 0.998376667
1341846330.981986 -0.042453982 -0.074651062 0.080484137 0.010831689 -0.043521434 0.040199649 0.998184621
1341846331.014111 -0.039875779 -0.068645969 0.080909453 0.010860967 -0.047806993 0.040755942 0.997965693
1341846331.082139 -0.040476620 -0.072645150 0.076305069 0.012395565 -0.050726965 0.037659232 0.997925282
1341846331.114334 -0.039922126 -0.068990529 0.073165171 0.012480087 -0.053115278 0.037364949 0.997811079
1341846331.149989 -0.039952151 -0.076039538 0.076007389 0.012492768 -0.053871159 0.036140841 0.997815490
1341846331.181954 -0.043822736 -0.077149950 0.071794853 0.015660306 -0.053804304 0.035016667 0.997814476
1341846331.218151 -0.050247066 -0.060215306 0.064651869 0.016403854 -0.056631356 0.035411261 0.997632086
1341846331.249914 -0.035306048 -0.070421107 0.072651178 0.013639044 -0.059649535 0.034244321 0.997538567
1341846331.318141 -0.027145537 -0.070185877 0.069043353 0.023866162 -0.050370179 0.030458454 0.997980714
1341846331.349926 -0.025928145 -0.067824937 0.065768577 0.023082774 -0.047656838 0.029491488 0.998161435
1341846331.382003 0.017783294 -0.093533799 0.079268225 0.023902012 -0.044337958 0.030161912 0.998275042
1341846331.418008 -0.002484875 -0.075783424 0.083405055 0.032003298 -0.033057198 0.029060774 0.998518109
1341846331.450327 -0.019330055 -0.065894142 0.089060150 0.034832917 -0.026341571 0.028344080 0.998643756
1341846331.486219 -0.027693287 -0.059115376 0.095625289 0.035155408 -0.023710702 0.029260080 0.998672009
1341846331.518344 -0.017834308 -0.063384853 0.094050065 0.033659298 -0.023718834 0.028329894 0.998750210
1341846331.550202 -0.010084005 -0.071845114 0.102206707 0.035164278 -0.019520473 0.027291812 0.998818099
1341846331.586139 -0.023918107 -0.057759304 0.110614382 0.038295507 -0.016936596 0.027650325 0.998740256
1341846331.617931 -0.016277770 -0.055014689 0.116737440 0.037513915 -0.017630456 0.027837275 0.998752713
1341846331.654027 -0.007717845 -0.064032428 0.122900531 0.037394851 -0.015600671 0.028524464 0.998771548
1341846331.686123 -0.016691076 -0.052700575 0.130412444 0.040456381 -0.012048882 0.030108528 0.998654902
1341846331.717954 -0.021057149 -0.039566830 0.138075277 0.038306195 -0.013011151 0.029921934 0.998733222
1341846331.754076 -0.009171239 -0.054994069 0.149327517 0.035009820 -0.013127528 0.029056044 0.998878241
1341846331.785920 -0.009398224 -0.057994928 0.160789758 0.037329741 -0.010092225 0.027698653 0.998868108
1341846331.818053 -0.012832784 -0.043879610 0.173576236 0.038747013 -0.008266184 0.028219793 0.998816311
1341846331.853849 -0.010147193 -0.053693559 0.180141643 0.036745898 -0.008160984 0.027314791 0.998917937
1341846331.885987 -0.001127934 -0.054993596 0.191601485 0.039567810 -0.006273938 0.025250539 0.998878121
1341846331.922014 -0.004928884 -0.048247885 0.202473283 0.041757870 -0.002490034 0.024150457 0.998832762
1341846331.954037 0.000737281 -0.046171281 0.213062361 0.041771274 -0.000188782 0.024970470 0.998815119
1341846331.986135 0.013511793 -0.056016486 0.225255951 0.043373618 0.004260246 0.026952835 0.998686194
1341846332.022364 -0.001254830 -0.053871892 0.242897823 0.050844073 0.010279497 0.025933877 0.998316884
1341846332.054175 -0.005797694 -0.048037946 0.253428161 0.057455700 0.010535355 0.027843107 0.997904122
1341846332.086502 -0.003502890 -0.050388191 0.264670283 0.059721071 0.010651132 0.029477267 0.997722924
1341846332.122051 -0.008353750 -0.046060488 0.273085266 0.061643112 0.012330014 0.027885875 0.997632444
1341846332.153983 -0.011015427 -0.031518199 0.289097071 0.060604502 0.011734482 0.025875945 0.997757435
1341846332.190165 -0.012279145 -0.031748224 0.301063359 0.053997692 0.010101436 0.023775619 0.998206854
1341846332.254145 -0.010464005 -0.044878703 0.329373956 0.053633701 0.009905922 0.021888571 0.998271585
1341846332.289948 -0.016105598 -0.044040233 0.341667801 0.055718563 0.010375942 0.024242468 0.998098254
1341846332.322172 -0.014221716 -0.048435744 0.352875113 0.055904280 0.009718746 0.025629712 0.998059809
1341846332.354003 -0.004368741 -0.048387095 0.360759228 0.058543347 0.010757479 0.023199312 0.997957289
1341846332.390180 -0.003523459 -0.034067575 0.374435663 0.061209634 0.015269765 0.020704569 0.997793317
1341846332.422055 -0.006904274 -0.033164769 0.379987061 0.059188232 0.017629383 0.017282862 0.997941494
1341846332.458114 -0.003294152 -0.037567355 0.391298145 0.058190402 0.019781463 0.013174606 0.998022556
1341846332.489993 -0.014208940 -0.032092746 0.405171365 0.059443515 0.022529326 0.014964641 0.997865200
1341846332.522130 -0.015061954 -0.027445398 0.412342489 0.059297729 0.018413456 0.020853112 0.997852623
1341846332.558114 -0.014277709 -0.028664775 0.430605531 0.059406366 0.012976762 0.027998529 0.997756720
1341846332.589874 -0.006198545 -0.020082990 0.430969357 0.059411552 0.009730781 0.032322235 0.997662663
1341846332.621889 -0.004833857 -0.013983296 0.439621717 0.055489562 0.009762935 0.033431824 0.997851670
1341846332.658202 -0.001374676 -0.018170193 0.453308612 0.051417913 0.010175092 0.032531939 0.998095393
1341846332.690001 -0.001663459 -0.014984798 0.461858809 0.049563970 0.011467494 0.033346318 0.998148263
1341846332.726000 -0.001881077 -0.018742669 0.476719320 0.048520163 0.010331861 0.037959207 0.998047173
1341846332.758386 0.004553203 -0.017216936 0.483169705 0.049084377 0.007067227 0.039143220 0.998002291
1341846332.789937 0.016240563 -0.009647719 0.488164067 0.048820011 0.006993646 0.038057551 0.998057783
1341846332.825925 0.014561646 -0.009305358 0.502379060 0.046422444 0.010077030 0.035777669 0.998230100
1341846332.857898 0.015434668 -0.012008594 0.509773910 0.047143444 0.011412047 0.036123630 0.998169482
1341846332.894069 0.018804988 0.003203871 0.521591246 0.048264578 0.010852238 0.036476079 0.998109341
1341846332.926029 0.021938834 0.005543993 0.528082550 0.044480186 0.011503056 0.032977372 0.998399556
1341846332.958015 0.025097990 0.004007126 0.533547759 0.041059516 0.013643767 0.030697251 0.998591840
1341846332.994073 0.026964277 0.008474967 0.539705753 0.038707927 0.014652606 0.029472888 0.998708367
1341846333.026545 0.036146883 0.008157029 0.548636794 0.035979189 0.014781593 0.027596572 0.998862088
1341846333.057998 0.038348109 0.009100771 0.555305004 0.034988139 0.017446289 0.027385259 0.998860121
1341846333.094024 0.041441593 0.010569278 0.563809156 0.035583809 0.018746106 0.031558257 0.998692393
1341846333.126095 0.045965612 0.012360253 0.567928672 0.035780542 0.020222876 0.033730261 0.998585522
1341846333.161973 0.050318543 0.021303710 0.570332170 0.035262175 0.022473296 0.034457751 0.998531044
1341846333.195660 0.051938042 0.019982303 0.583377719 0.032403812 0.024627870 0.036689568 0.998497546
1341846333.226331 0.054426070 0.022512594 0.585260808 0.031493925 0.024941172 0.036349755 0.998531282
1341846333.262056 0.053935487 0.030636180 0.593477905 0.029055120 0.025874175 0.033881437 0.998668313
1341846333.294147 0.054460999 0.025087541 0.598089755 0.025010346 0.025739230 0.033978343 0.998777986
1341846333.326100 0.058051821 0.028663255 0.601069629 0.023739370 0.023958238 0.032367133 0.998906791
1341846333.362100 0.059467610 0.036138296 0.602146566 0.021096434 0.023433682 0.030793648 0.999028325
1341846333.394119 0.062213156 0.027959552 0.609075546 0.016943533 0.022003099 0.030870995 0.999137521
1341846333.429974 0.061044108 0.028742485 0.607849181 0.016319890 0.020510431 0.030644966 0.999186575
1341846333.462115 0.066337973 0.024740446 0.609908700 0.015399207 0.020120671 0.029452968 0.999244988
1341846333.494040 0.066670485 0.027204720 0.614831388 0.016528206 0.021241557 0.027599623 0.999256670
1341846333.529953 0.071261644 0.027611656 0.616085231 0.017431501 0.021989554 0.026925175 0.999243557
1341846333.562063 0.065613925 0.030498078 0.617940068 0.018504662 0.025196074 0.028310550 0.999110222
1341846333.594090 0.061001889 0.037635334 0.618194938 0.017933866 0.024828818 0.029566748 0.999093473
1341846333.629994 0.060421370 0.039733171 0.618255317 0.014390689 0.022282343 0.028630530 0.999238074
1341846333.662127 0.062437281 0.038648497 0.615380585 0.011117113 0.020949116 0.028127730 0.999322951
1341846333.697964 0.062486287 0.028444799 0.616060436 0.008473950 0.021029433 0.028851233 0.999326527
1341846333.730092 0.063266359 0.028119693 0.612805843 0.010888150 0.021247912 0.029597821 0.999276698
1341846333.762089 0.060369868 0.030164361 0.608673573 0.012959209 0.022430712 0.030983318 0.999184132
1341846333.798006 0.059316404 0.026394697 0.605692327 0.013925546 0.022975344 0.030438930 0.999175489
1341846333.830055 0.060817529 0.027010202 0.599783778 0.016620791 0.023977131 0.028679974 0.999162793
1341846333.866045 0.056062553 0.027376615 0.594330549 0.017733827 0.025792940 0.027482627 0.999132097
1341846333.897987 0.053641684 0.023709238 0.590621054 0.019118814 0.025871385 0.026269305 0.999137163
1341846333.930099 0.055193160 0.020507004 0.583785892 0.021792935 0.026542403 0.024814069 0.999101996
1341846333.965889 0.049690932 0.021989489 0.577524841 0.024206815 0.028180026 0.024859365 0.999000490
1341846333.997985 0.051529791 0.015674599 0.572755396 0.026245374 0.028786115 0.023849957 0.998956323
1341846334.030076 0.046488680 0.018864445 0.566975415 0.029927919 0.030340038 0.025171524 0.998774350
1341846334.066000 0.043787032 0.017314976 0.558524549 0.031445555 0.030094363 0.026846105 0.998691559
1341846334.097932 0.045293681 0.015706159 0.551317871 0.033161916 0.029813761 0.026356257 0.998657465
1341846334.133884 0.041377369 0.017205317 0.546414196 0.034913637 0.030820854 0.026997609 0.998550057
1341846334.166115 0.029666493 0.016085967 0.538943052 0.034857474 0.030863024 0.027293807 0.998542666
1341846334.198072 0.030086776 0.013913759 0.533337533 0.035230696 0.028995862 0.026348798 0.998610914
1341846334.234097 0.032948211 0.017819064 0.529587090 0.036095321 0.028775454 0.025673795 0.998604000
1341846334.266045 0.028036578 0.014766083 0.518350720 0.035848290 0.030828178 0.025881505 0.998546302
1341846334.297946 0.018980702 0.013794993 0.510870159 0.037048832 0.029986819 0.027570674 0.998482883
1341846334.334036 0.020236265 0.014828525 0.505958021 0.037517309 0.027964622 0.027542384 0.998524845
1341846334.365871 0.021674693 0.018787352 0.498604566 0.037450477 0.027648132 0.026570944 0.998562455
1341846334.401845 0.016054772 0.015868993 0.489420742 0.035811029 0.029075770 0.024876136 0.998625755
1341846334.433864 0.008769860 0.010723749 0.484205186 0.035660144 0.028494287 0.025325431 0.998636603
1341846334.466105 0.010208086 0.014284986 0.473910928 0.036381181 0.026309013 0.026485909 0.998640418
1341846334.502142 0.001852794 0.018222766 0.469197482 0.035858933 0.025824782 0.027571123 0.998642623
1341846334.540153 0.000784397 0.014976074 0.460536093 0.035116643 0.024587722 0.026064260 0.998740673
1341846334.602351 -0.005177300 0.024613159 0.438567460 0.030980993 0.020721164 0.020028338 0.999104440
1341846334.670161 -0.010935639 0.018201265 0.428986222 0.025455147 0.018010067 0.013457127 0.999423146
1341846334.702085 -0.017984426 0.014918976 0.422397971 0.024179349 0.016134791 0.013493055 0.999486387
1341846334.734751 -0.020735336 0.011404298 0.413216740 0.023845440 0.013841442 0.015424782 0.999500811
1341846334.770889 -0.024957877 0.011929838 0.403566808 0.023981234 0.012321642 0.018125413 0.999472141
1341846334.802194 -0.029535627 0.013434321 0.394320786 0.023728484 0.009867037 0.018657899 0.999495625
1341846334.833908 -0.027890561 0.015987579 0.384003192 0.023595847 0.007973669 0.016826387 0.999548137
1341846334.869874 -0.031261206 0.016224323 0.372744322 0.021933652 0.007758391 0.016834578 0.999587595
1341846334.902006 -0.037443258 0.013379684 0.360367209 0.020024672 0.006436460 0.017566366 0.999624431
1341846334.938010 -0.040304001 0.013354296 0.354702264 0.019865824 0.003498435 0.016476521 0.999660730
1341846334.970032 -0.035081100 0.011406475 0.345866442 0.019454610 0.001850274 0.015990602 0.999681175
1341846335.002203 -0.042026792 0.009134392 0.338386863 0.020985423 0.002758620 0.017661028 0.999619961
1341846335.037880 -0.046693940 0.010000518 0.321466893 0.023490600 -0.000191105 0.019981900 0.999524355
1341846335.069990 -0.048431356 0.013306941 0.316019714 0.024346227 -0.002732924 0.019149000 0.999516428
1341846335.106038 -0.043582335 0.009670739 0.303822339 0.024004061 -0.002206728 0.018199947 0.999543726
1341846335.138045 -0.050889384 0.008562677 0.294450760 0.025835637 -0.000580921 0.017117267 0.999519467
1341846335.169900 -0.052469466 0.011428373 0.277601004 0.026067501 -0.003454851 0.017043611 0.999508917
1341846335.206091 -0.054355711 0.012275438 0.273032397 0.025634563 -0.005093236 0.014192079 0.999557674
1341846335.239365 -0.052127391 0.007287594 0.264417768 0.025318492 -0.004310885 0.011484302 0.999604166
1341846335.269948 -0.059033420 0.006576026 0.254068971 0.026918240 -0.002490310 0.010625347 0.999578059
1341846335.305972 -0.060643420 0.005470762 0.243641451 0.028640844 -0.004369847 0.011452815 0.999514580
1341846335.338012 -0.059275217 0.004989281 0.235990539 0.030170087 -0.005932763 0.012966444 0.999443054
1341846335.374005 -0.052169997 -0.005064010 0.225873470 0.033665366 -0.004811448 0.013445237 0.999331117
1341846335.406025 -0.056467447 -0.002032123 0.215499684 0.040758636 -0.001971249 0.015490755 0.999046981
1341846335.438079 -0.059987068 0.004369664 0.202018142 0.046376321 -0.000865902 0.018965313 0.998743594
1341846335.473998 -0.057819013 0.008623480 0.195837826 0.048676148 0.000354523 0.019957408 0.998615146
1341846335.507038 -0.059005853 0.013937017 0.182582527 0.050088666 0.003036103 0.017912276 0.998579502
1341846335.538040 -0.064536028 0.019335438 0.175312638 0.049676761 0.005801511 0.015719349 0.998624802
1341846335.574119 -0.070313632 0.023462709 0.167318925 0.047427475 0.005727130 0.016223060 0.998726547
1341846335.605970 -0.070312910 0.015341491 0.156614095 0.045318495 0.004955429 0.015563007 0.998839080
1341846335.641978 -0.067061342 0.012067869 0.140174344 0.046031427 0.006068447 0.013334420 0.998832583
1341846335.673993 -0.074023731 0.014448347 0.132870138 0.045840092 0.007191321 0.013338296 0.998833895
1341846335.706178 -0.077512115 0.013710954 0.123199582 0.045332681 0.005918551 0.013798796 0.998859107
1341846335.741982 -0.070480116 0.012316837 0.108411238 0.045635402 0.005048233 0.012732074 0.998864233
1341846335.773960 -0.075456157 0.017754307 0.100736335 0.046067052 0.005829145 0.012568378 0.998842239
1341846335.806271 -0.076891378 0.023530515 0.090363771 0.044523560 0.005118848 0.012539514 0.998916507
1341846335.842031 -0.075941607 0.018168379 0.082495250 0.042090096 0.005899837 0.013094077 0.999010563
1341846335.873966 -0.076136105 0.017060922 0.072012432 0.043072484 0.007386010 0.012012700 0.998972416
1341846335.910005 -0.085061342 0.023176931 0.062318057 0.042874370 0.007738654 0.014005014 0.998952329
1341846335.941936 -0.087448776 0.021235103 0.050944299 0.041570023 0.005812788 0.015322558 0.999001205
1341846335.974198 -0.087496817 0.023826374 0.045577396 0.041702632 0.004918256 0.012931257 0.999034286
1341846336.010032 -0.090594761 0.024203099 0.029206255 0.041328143 0.004968547 0.011688904 0.999064922
1341846336.042129 -0.096374825 0.023441691 0.015832525 0.040321916 0.004015599 0.012102404 0.999105394
1341846336.078076 -0.096857466 0.020978875 0.009828942 0.040169872 0.001995033 0.011289323 0.999127090
1341846336.110739 -0.095913135 0.024852296 0.007228997 0.041118614 0.001500306 0.009824422 0.999104857
1341846336.142002 -0.103007860 0.022680989 -0.009192552 0.040557075 0.001916454 0.011004086 0.999114811
1341846336.183953 -0.109186925 0.026565073 -0.018963190 0.040525701 -0.000409546 0.011961270 0.999106824
1341846336.241891 -0.107578069 0.026602833 -0.026097769 0.038679350 -0.001455145 0.010943040 0.999190688
1341846336.277946 -0.113802902 0.021156773 -0.037752148 0.038710605 -0.000810827 0.013187922 0.999163091
1341846336.309977 -0.117466435 0.020207854 -0.046423834 0.041281167 -0.003239802 0.016043926 0.999013484
1341846336.346143 -0.118467458 0.026898786 -0.054813981 0.043624572 -0.004504173 0.016753670 0.998897374
1341846336.377975 -0.118268952 0.026663994 -0.059740167 0.044423308 -0.004467709 0.015966401 0.998875201
1341846336.410032 -0.121563867 0.029206755 -0.071916550 0.045410872 -0.003620623 0.016195191 0.998830557
1341846336.446041 -0.125156000 0.033901136 -0.080644786 0.045203641 -0.003950456 0.016216855 0.998838365
1341846336.477990 -0.123769321 0.031372651 -0.087565951 0.044020027 -0.004157620 0.015926439 0.998895049
1341846336.510056 -0.125279620 0.028391050 -0.094613463 0.044155236 -0.003507129 0.016310567 0.998885393
1341846336.546024 -0.127408400 0.028704353 -0.099801704 0.045129173 -0.003456201 0.018308477 0.998807371
1341846336.578003 -0.130205646 0.037845835 -0.106666669 0.045402326 -0.003738692 0.020171138 0.998758137
1341846336.614020 -0.124208853 0.037946712 -0.110623598 0.044657055 -0.003722570 0.019504257 0.998804986
1341846336.645982 -0.131791368 0.043451745 -0.119770169 0.043843396 -0.001955254 0.018576408 0.998863757
1341846336.678036 -0.138996333 0.037632372 -0.121324979 0.041814201 -0.003582384 0.018951356 0.998939216
1341846336.714024 -0.142098397 0.030003922 -0.120836951 0.042874690 -0.005456253 0.018503958 0.998894155
1341846336.746016 -0.145385116 0.028158406 -0.128465176 0.046471264 -0.007403166 0.020955430 0.998672366
1341846336.778014 -0.150276870 0.035323929 -0.139973029 0.049593385 -0.011206144 0.024113882 0.998415470
1341846336.820006 -0.148290530 0.040374678 -0.146609828 0.050485916 -0.015142318 0.025956756 0.998272598
1341846336.882056 -0.152374446 0.036364511 -0.165694371 0.052803423 -0.017004963 0.024570733 0.998157740
1341846336.914273 -0.161773279 0.024949057 -0.169186056 0.054248791 -0.021145171 0.027205061 0.997932792
1341846336.945998 -0.154215589 0.025137043 -0.178240314 0.060588587 -0.028129891 0.029877974 0.997318923
1341846336.981980 -0.156468734 0.046421897 -0.188161835 0.064973243 -0.031854726 0.027083205 0.997010648
1341846337.014238 -0.157817006 0.054294080 -0.188194647 0.062582433 -0.034511123 0.025422761 0.997118890
1341846337.046017 -0.156891435 0.050677426 -0.181475669 0.060183585 -0.035888053 0.020893268 0.997323155
1341846337.082104 -0.160888985 0.051260050 -0.192397058 0.059414275 -0.036013488 0.017802916 0.997424662
1341846337.114317 -0.162598059 0.048356753 -0.200890005 0.057317894 -0.038184099 0.017602229 0.997470200
1341846337.150037 -0.158477321 0.047508918 -0.198969483 0.055714872 -0.040446144 0.016156245 0.997496367
1341846337.181873 -0.154591769 0.047447819 -0.197498396 0.055337884 -0.040549997 0.013359238 0.997554481
1341846337.214073 -0.155706123 0.058135323 -0.209298313 0.053605065 -0.038931977 0.010978091 0.997742593
1341846337.250087 -0.166063890 0.041988045 -0.209243000 0.050022662 -0.040033907 0.012272425 0.997869909
1341846337.282028 -0.166332245 0.044037037 -0.211119905 0.051350906 -0.044178478 0.015445064 0.997583449
1341846337.317920 -0.161920592 0.049388271 -0.204744488 0.051193278 -0.045949597 0.016048701 0.997502029
1341846337.350018 -0.165287405 0.053999312 -0.212009519 0.049975101 -0.044896677 0.015277836 0.997623861
1341846337.382159 -0.160683498 0.048759811 -0.213896886 0.046754681 -0.045086022 0.014179869 0.997787654
1341846337.417941 -0.168090507 0.040632747 -0.216114059 0.047233254 -0.043942537 0.014274755 0.997814775
1341846337.450137 -0.172432959 0.048595686 -0.226649553 0.048087180 -0.045486107 0.014964118 0.997694671
1341846337.482096 -0.163254201 0.046213422 -0.223016411 0.046480328 -0.046475809 0.016238105 0.997705340
1341846337.518008 -0.167583033 0.038542826 -0.222848222 0.047095630 -0.046638094 0.015978124 0.997673094
1341846337.549978 -0.168158561 0.051784221 -0.227717936 0.048110716 -0.047246046 0.014260293 0.997622073
1341846337.585971 -0.169346690 0.047543891 -0.226559475 0.045110740 -0.047627147 0.013259803 0.997757912
1341846337.617903 -0.163680181 0.029395062 -0.221077800 0.045260683 -0.048645742 0.014117864 0.997690201
1341846337.650141 -0.167138249 0.045358542 -0.224750116 0.048732296 -0.048608340 0.013343561 0.997539163
1341846337.686352 -0.165598646 0.052303683 -0.229598790 0.047258943 -0.048332069 0.013388116 0.997622848
1341846337.718002 -0.159321755 0.052203801 -0.215155229 0.045601211 -0.048364691 0.013586125 0.997695744
1341846337.749920 -0.150731400 0.058846690 -0.209168792 0.045819711 -0.047002405 0.013486385 0.997752190
1341846337.786157 -0.158652514 0.058167323 -0.215215772 0.042299263 -0.043567557 0.012582660 0.998075306
1341846337.817945 -0.156605929 0.052316740 -0.206149191 0.039742585 -0.041443579 0.014523002 0.998244464
1341846337.854071 -0.153040454 0.058953911 -0.204628184 0.038881775 -0.038423035 0.013858219 0.998408616
1341846337.885951 -0.154928118 0.063951261 -0.201340735 0.035829246 -0.035944678 0.012421000 0.998634040
1341846337.918223 -0.153338611 0.063000150 -0.189076036 0.031752046 -0.034845680 0.009525243 0.998842776
1341846337.954120 -0.152450353 0.060207251 -0.181915104 0.029182475 -0.033420820 0.009148064 0.998973370
1341846337.985994 -0.149515450 0.069096133 -0.179291844 0.026900960 -0.032731559 0.009633137 0.999055624
1341846338.018107 -0.148745894 0.064697310 -0.170028567 0.023312209 -0.031021461 0.010765871 0.999188781
1341846338.054055 -0.146977097 0.070215806 -0.163808957 0.021462975 -0.029702045 0.009434232 0.999283791
1341846338.085986 -0.139253452 0.067458622 -0.156686619 0.017429654 -0.026905823 0.009725176 0.999438703
1341846338.121875 -0.144005835 0.063579358 -0.149667278 0.015462476 -0.024136383 0.011250894 0.999525785
1341846338.154089 -0.147372589 0.063261136 -0.145498231 0.014620176 -0.023387698 0.014565942 0.999513447
1341846338.186029 -0.144787967 0.064800575 -0.136969656 0.013429608 -0.023809887 0.016834285 0.999484539
1341846338.222071 -0.133652717 0.067582302 -0.128184512 0.012371299 -0.023584243 0.016553236 0.999508262
1341846338.254107 -0.134054184 0.064335607 -0.119271368 0.010394119 -0.021579605 0.016711608 0.999573410
1341846338.290130 -0.133164257 0.061022259 -0.108389556 0.010669217 -0.021723690 0.018817626 0.999529958
1341846338.321952 -0.131405264 0.065534189 -0.101090267 0.010930135 -0.020956988 0.020619258 0.999507964
1341846338.354022 -0.128764957 0.064156786 -0.090735793 0.010308322 -0.020487508 0.021077452 0.999514759
1341846338.389969 -0.129952580 0.071414396 -0.083903268 0.010308923 -0.019441335 0.021047400 0.999536276
1341846338.422377 -0.128018185 0.067692988 -0.072471276 0.008114725 -0.019172601 0.021400649 0.999554157
1341846338.454010 -0.128725603 0.072009087 -0.064703703 0.007434866 -0.019371031 0.020383110 0.999576926
1341846338.489894 -0.125000596 0.064674571 -0.051702369 0.005018775 -0.020053711 0.021009030 0.999565542
1341846338.522066 -0.122184187 0.065267466 -0.041937493 0.006124159 -0.019862834 0.020431576 0.999575138
1341846338.558058 -0.123734199 0.075403266 -0.036882177 0.005963655 -0.019648967 0.019415114 0.999600589
1341846338.589842 -0.118984275 0.073268250 -0.020674948 0.003762114 -0.020257086 0.019568492 0.999596179
1341846338.622019 -0.113900833 0.068859838 -0.009036766 0.004286712 -0.019575581 0.020761628 0.999583602
1341846338.657984 -0.119726852 0.077964783 -0.004928150 0.005181271 -0.019096399 0.022287540 0.999555767
1341846338.690198 -0.111536860 0.079007357 0.002344664 0.003142238 -0.020365149 0.021907460 0.999547601
1341846338.722454 -0.106193684 0.073698238 0.020508684 0.002083989 -0.019603107 0.022271158 0.999557555
1341846338.757945 -0.113707684 0.080659330 0.022915604 0.002777692 -0.018867766 0.023725828 0.999536574
1341846338.790039 -0.110582978 0.078694515 0.034195043 0.000445754 -0.021142192 0.024440246 0.999477625
1341846338.826048 -0.097072355 0.074473977 0.047212176 0.000320185 -0.021400867 0.023349399 0.999498248
1341846338.858027 -0.105311893 0.083181910 0.051609300 0.000878316 -0.018814979 0.021944609 0.999581754
1341846338.889902 -0.101542383 0.080569237 0.064133115 -0.001976286 -0.020167420 0.021859780 0.999555647
1341846338.925948 -0.091404110 0.078537688 0.077376269 -0.002655526 -0.020235708 0.020021271 0.999591231
1341846338.958108 -0.093981616 0.078569934 0.089493275 -0.002484468 -0.017919555 0.019164201 0.999652684
1341846338.990057 -0.092115767 0.078046210 0.100674674 -0.002066072 -0.017869802 0.020037645 0.999637365
1341846339.025928 -0.085861340 0.074314736 0.112438314 -0.000370255 -0.017340871 0.020565091 0.999638021
1341846339.057939 -0.084165737 0.083008163 0.121804073 0.003086227 -0.014840880 0.020310909 0.999678791
1341846339.093927 -0.091053024 0.088335760 0.127069637 0.002119789 -0.014725873 0.021355942 0.999661207
1341846339.126562 -0.081343822 0.093375571 0.136946231 -0.000669800 -0.016394421 0.020310912 0.999659061
1341846339.157969 -0.076676302 0.091613293 0.148299679 -0.003248230 -0.013953869 0.018815571 0.999720275
1341846339.194113 -0.083439715 0.096172936 0.155479133 -0.004955139 -0.012227279 0.019345352 0.999725819
1341846339.228165 -0.078271389 0.100479543 0.166696265 -0.008134973 -0.014878814 0.022289280 0.999607742
1341846339.257998 -0.066839918 0.096091606 0.179882944 -0.011130657 -0.014947950 0.022211723 0.999579549
1341846339.294132 -0.069297679 0.098835960 0.190030217 -0.011053099 -0.012163355 0.023286607 0.999593735
1341846339.326577 -0.074619837 0.116025209 0.194914684 -0.013521460 -0.013481385 0.026685964 0.999461472
1341846339.362269 -0.062813140 0.104676522 0.204090700 -0.018929362 -0.016575065 0.024547532 0.999382019
1341846339.394725 -0.058440488 0.103730857 0.215425268 -0.019837283 -0.014728979 0.023491232 0.999418676
1341846339.462186 -0.052768808 0.106243841 0.237873316 -0.023096403 -0.015906317 0.023020770 0.999341607
1341846339.496743 -0.040576629 0.104357630 0.241986483 -0.020537047 -0.013059903 0.021493020 0.999472737
1341846339.562052 -0.045592412 0.104788065 0.266849458 -0.019286590 -0.009182628 0.023532795 0.999494791
1341846339.595122 -0.034877665 0.104594752 0.273023516 -0.017375274 -0.009495471 0.022870697 0.999542296
1341846339.632085 -0.030460754 0.106527917 0.279242635 -0.015828166 -0.005963409 0.020945229 0.999637544
1341846339.664568 -0.030756880 0.106190860 0.288496137 -0.015599252 -0.002878721 0.018650347 0.999700189
1341846339.698896 -0.028057581 0.101879433 0.300029337 -0.016185282 -0.001964363 0.017936263 0.999706209
1341846339.731977 -0.025015855 0.102582611 0.307405800 -0.015780302 -0.001676159 0.015927091 0.999747217
1341846339.762241 -0.021292167 0.099614806 0.317366511 -0.015805395 -0.000561009 0.016094638 0.999745369
1341846339.797873 -0.021000521 0.099039823 0.322293103 -0.015833078 -0.000038152 0.017504366 0.999721408
1341846339.830245 -0.016005959 0.098951973 0.332434803 -0.016082061 -0.000773216 0.017731525 0.999713123
1341846339.862015 -0.014516562 0.100320533 0.338265181 -0.016241780 -0.000477854 0.017167678 0.999720573
1341846339.897797 -0.008462934 0.099686809 0.344742209 -0.017426219 0.000107110 0.017082779 0.999702215
1341846339.929916 -0.006796220 0.092628472 0.354282975 -0.018533234 0.001245949 0.018662803 0.999653280
1341846339.961960 -0.003411141 0.093063124 0.362080932 -0.017004088 0.000524526 0.019422077 0.999666631
1341846339.997845 0.002260571 0.095488288 0.362009972 -0.015297310 0.001349484 0.019259237 0.999696553
1341846340.029925 0.003705061 0.093458377 0.370166630 -0.014708085 0.003761135 0.020615831 0.999672174
1341846340.066044 0.005994214 0.090115190 0.376044124 -0.013049728 0.004972177 0.022128509 0.999657571
1341846340.098009 0.008953555 0.092675239 0.379959762 -0.011896778 0.005262289 0.022918353 0.999652684
1341846340.130102 0.010757254 0.093411356 0.386574417 -0.012445460 0.005180756 0.021923566 0.999668777
1341846340.166041 0.017814662 0.090552732 0.394129872 -0.011856307 0.006893831 0.020056561 0.999704778
1341846340.197867 0.016107507 0.093643010 0.402235121 -0.010543009 0.009575407 0.020427596 0.999689877
1341846340.229904 0.017027132 0.096182898 0.410107374 -0.011488341 0.009329257 0.020250730 0.999685347
1341846340.265859 0.020610608 0.090201914 0.416010886 -0.012502072 0.010524826 0.018708710 0.999691427
1341846340.298061 0.024206812 0.089950927 0.423540115 -0.010545137 0.012590836 0.019698516 0.999671042
1341846340.334063 0.021302938 0.099769704 0.430524170 -0.010427263 0.011896276 0.022280784 0.999626577
1341846340.366064 0.026674192 0.091531172 0.438250601 -0.013091412 0.009740005 0.020675465 0.999653041
1341846340.397995 0.029316312 0.090457305 0.440381944 -0.011126931 0.010255806 0.020435890 0.999676645
1341846340.433895 0.030634005 0.091315351 0.446221888 -0.010780689 0.009962952 0.021445964 0.999662220
1341846340.465959 0.029868226 0.091582574 0.449407607 -0.009843159 0.007874626 0.023276189 0.999649584
1341846340.501858 0.037329707 0.091203779 0.448175460 -0.009111889 0.003739345 0.023646705 0.999671817
1341846340.534329 0.041662820 0.093050234 0.448615670 -0.008481991 0.002142913 0.022967434 0.999697924
1341846340.566041 0.042862251 0.089243643 0.451954752 -0.007411329 0.001562568 0.023510356 0.999694884
1341846340.601909 0.049265768 0.088174216 0.447114617 -0.005102035 0.000443586 0.024093380 0.999696612
1341846340.634005 0.052266244 0.091644272 0.444233149 -0.004178281 -0.000209900 0.023231825 0.999721348
1341846340.666028 0.054527670 0.091410980 0.443706483 -0.004225024 0.000173509 0.020868136 0.999773264
1341846340.701946 0.060945369 0.087067798 0.441209078 -0.002782257 0.001043257 0.018924803 0.999816477
1341846340.733954 0.063789226 0.090912409 0.437553376 -0.001485897 0.002547571 0.017455831 0.999843299
1341846340.770081 0.060779389 0.091904514 0.437336385 -0.002100014 0.003531974 0.014227389 0.999890327
1341846340.801980 0.067300498 0.089403056 0.432007313 -0.002380366 0.003784580 0.009046406 0.999949098
1341846340.833999 0.068075590 0.092731789 0.431893557 -0.002286960 0.006035745 0.005336493 0.999964893
1341846340.870013 0.061686885 0.090797611 0.434934884 -0.003830574 0.006767654 0.003698252 0.999962926
1341846340.901955 0.066743404 0.087340698 0.434320658 -0.003148441 0.005873552 0.003660219 0.999971092
1341846340.933918 0.063834265 0.091041870 0.436668277 -0.000645552 0.005577431 0.006459981 0.999963343
1341846340.970122 0.062525868 0.090173453 0.428959697 0.000368707 0.002785268 0.011262361 0.999932647
1341846341.001922 0.062448606 0.089431576 0.431416333 0.001719206 -0.001174247 0.016533786 0.999861121
1341846341.037923 0.067286439 0.090112664 0.422669500 0.002793070 -0.004182929 0.019021707 0.999806404
1341846341.070300 0.067020990 0.088970982 0.419380903 0.003202274 -0.004829208 0.019013567 0.999802411
1341846341.102028 0.062061477 0.087424591 0.415766180 0.002881831 -0.005584926 0.019257136 0.999794841
1341846341.137982 0.065341145 0.087620050 0.415145934 0.003142062 -0.007965577 0.019182589 0.999779344
1341846341.170048 0.065551512 0.086053245 0.416062266 0.003607229 -0.008261993 0.019965846 0.999760032
1341846341.202110 0.065119505 0.082991049 0.408912003 0.004757107 -0.008444780 0.021709029 0.999717355
1341846341.237996 0.068974860 0.083260521 0.405976087 0.006350052 -0.008690727 0.022852657 0.999680877
1341846341.269883 0.066387929 0.085710496 0.403380632 0.007915555 -0.008000745 0.022997295 0.999672174
1341846341.306107 0.065978497 0.085448869 0.400694966 0.008328219 -0.008629871 0.022463800 0.999675691
1341846341.338109 0.067203894 0.084738247 0.398186594 0.009215860 -0.008249792 0.019983385 0.999723792
1341846341.370120 0.069275841 0.084959611 0.398428708 0.009759295 -0.007367951 0.018032614 0.999762654
1341846341.406074 0.062627189 0.085378990 0.398007035 0.009873450 -0.006247227 0.017202429 0.999783754
1341846341.438113 0.062296640 0.080223337 0.400299668 0.010665456 -0.008115397 0.017213250 0.999761999
1341846341.470024 0.066767216 0.080472961 0.394258142 0.013334991 -0.008681305 0.015771190 0.999749005
1341846341.506077 0.062914200 0.087446697 0.392053604 0.013943937 -0.007385495 0.014380399 0.999772072
1341846341.538156 0.056399614 0.084139235 0.394713938 0.012625397 -0.008667886 0.015211162 0.999767005
1341846341.574016 0.063442066 0.084156685 0.390345961 0.013593627 -0.011653409 0.016162856 0.999709070
1341846341.612466 0.059139647 0.087687224 0.387320429 0.014551291 -0.011586698 0.016284889 0.999694347
1341846341.643972 0.057395328 0.090075359 0.390704364 0.013926717 -0.013002911 0.015236228 0.999702394
1341846341.679982 0.055484582 0.085515939 0.387100846 0.013156000 -0.014141096 0.015330455 0.999695897
1341846341.712332 0.051401764 0.085532337 0.388544708 0.014007800 -0.015815513 0.017698567 0.999620140
1341846341.744185 0.054528370 0.085289694 0.388658643 0.014405694 -0.018215861 0.019783171 0.999534547
1341846341.780061 0.052905854 0.086839490 0.386464924 0.014983764 -0.018483793 0.020975010 0.999496818
1341846341.842595 0.058036271 0.080390684 0.380893111 0.016778516 -0.019902946 0.026206758 0.999317527
1341846341.906227 0.060293455 0.076610461 0.371697813 0.019764360 -0.020734817 0.031561974 0.999091208
1341846341.942069 0.059656017 0.071299843 0.368839145 0.022703297 -0.020469707 0.033513036 0.998970687
1341846341.974775 0.061271913 0.073272645 0.364725471 0.026001068 -0.020884262 0.035660200 0.998807371
1341846342.010161 0.058907006 0.075529799 0.369069099 0.027112739 -0.022163145 0.037215263 0.998693466
1341846342.042024 0.062854305 0.068396166 0.365105629 0.028048430 -0.022859160 0.037127402 0.998655260
1341846342.080032 0.067719400 0.074020281 0.358964145 0.030748786 -0.021215366 0.037181098 0.998610020
1341846342.112265 0.059428394 0.068169221 0.362330228 0.030539200 -0.019620446 0.039000876 0.998579621
1341846342.147954 0.061700553 0.062273655 0.361427933 0.032258749 -0.020970976 0.041249681 0.998407722
1341846342.179852 0.066653006 0.067424260 0.357780278 0.035779290 -0.020922866 0.042567175 0.998233497
1341846342.211848 0.064735048 0.068295382 0.359115899 0.036420628 -0.020141603 0.042249627 0.998239875
1341846342.247920 0.065713510 0.064214289 0.357947648 0.037182696 -0.020038174 0.041223980 0.998256683
1341846342.279870 0.069532745 0.065559275 0.350929528 0.038799189 -0.019938206 0.041806020 0.998172998
1341846342.316068 0.068408392 0.065006711 0.350650519 0.040073313 -0.019592600 0.042650692 0.998093784
1341846342.347894 0.068524845 0.068911508 0.350009620 0.040792778 -0.019627767 0.042693343 0.998062074
1341846342.379953 0.071259499 0.065569863 0.350380778 0.040424645 -0.019275445 0.042875253 0.998076141
1341846342.416195 0.068567596 0.067233637 0.350037813 0.041269306 -0.018719867 0.044112906 0.997998238
