1341846647.802247 0.000000000 0.000000000 0.000000000 0.000000000 0.000000000 0.000000000 1.000000000
1341846647.834093 0.001616953 -0.002764606 -0.001949394 0.000147776 0.000050460 0.001439366 0.999998927
1341846647.866652 0.007013688 0.002802097 -0.007345111 0.002298028 0.001543816 0.002532197 0.999992967
1341846647.901972 0.005330002 0.008784497 -0.008174405 0.003332631 0.004173632 0.002511661 0.999982595
1341846647.934224 0.000792017 0.008429014 -0.007388089 0.001969945 0.005224600 0.002472512 0.999981344
1341846647.970225 0.003436352 0.008119742 -0.008051570 0.001559216 0.003260316 0.003344471 0.999987841
1341846648.002341 0.008008055 0.014180404 -0.009482366 0.001765875 0.001935850 0.003357888 0.999990940
1341846648.034343 0.011023435 0.005484354 -0.010035477 -0.002186545 0.000260958 0.003857746 0.999990106
1341846648.070164 0.007504975 0.000711352 -0.010222792 -0.004147113 -0.002146817 0.003994299 0.999981165
1341846648.102152 0.014911717 0.000984030 -0.010486745 -0.003254911 -0.006580133 0.005286008 0.999959052
1341846648.138185 0.017573291 0.003625454 -0.015057550 -0.003637072 -0.008117524 0.005458886 0.999945521
1341846648.170568 0.026481625 0.004553986 -0.018363977 -0.006466738 -0.010823613 0.005513349 0.999905288
1341846648.202106 0.023733186 0.002706375 -0.015288429 -0.007823709 -0.014592282 0.005344989 0.999848664
1341846648.238157 0.019050773 -0.006489262 -0.015909756 -0.008793687 -0.018636482 0.005533565 0.999772370
1341846648.270152 0.029108273 0.000535885 -0.028198678 -0.009706183 -0.025679581 0.003329147 0.999617577
1341846648.302183 0.025509737 0.004455022 -0.032444138 -0.014242680 -0.029802565 -0.001715107 0.999452829
1341846648.338170 0.033912193 -0.002775690 -0.025404066 -0.018905884 -0.036139701 -0.004908341 0.999155819
1341846648.370216 0.048469763 -0.010187048 -0.029759323 -0.022290738 -0.045343909 -0.004482684 0.998712659
1341846648.406052 0.045973752 -0.005634382 -0.027273934 -0.022497300 -0.055524666 -0.004273426 0.998194695
1341846648.438342 0.048326027 -0.007477769 -0.024844060 -0.022882413 -0.061392717 -0.001816048 0.997849703
1341846648.470076 0.059830070 0.003080985 -0.026713999 -0.022221852 -0.068392858 -0.001088821 0.997410357
1341846648.506263 0.055417482 0.006013985 -0.028129200 -0.024960009 -0.073408626 -0.001868679 0.996987820
1341846648.538249 0.062675759 0.004511618 -0.029084554 -0.028227426 -0.081038043 -0.003249517 0.996305943
1341846648.570179 0.085085362 0.001997159 -0.022062784 -0.032186911 -0.087897226 -0.002453834 0.995606363
1341846648.606081 0.085789256 -0.012806880 -0.032996129 -0.036438540 -0.091727689 -0.003515479 0.995110989
1341846648.638395 0.101533741 -0.022163963 -0.008133078 -0.038797460 -0.104936644 -0.002994980 0.993717313
1341846648.674053 0.112149805 -0.011633364 -0.009707208 -0.035462800 -0.110056140 -0.004189854 0.993283629
1341846648.706058 0.121233054 -0.022412565 -0.023610231 -0.037905406 -0.116946265 -0.002636342 0.992411137
1341846648.738116 0.123794019 -0.017741632 -0.001947755 -0.037571173 -0.128451049 -0.002195929 0.991001427
1341846648.774049 0.135960370 -0.011775024 -0.000238071 -0.033768091 -0.132535011 -0.002597341 0.990599513
1341846648.805941 0.138739377 -0.023297083 -0.010880261 -0.034163170 -0.135523170 0.000167852 0.990184963
1341846648.838602 0.151218131 -0.018151166 0.003135048 -0.035173468 -0.145383358 0.004963245 0.988737524
1341846648.874088 0.155590922 -0.009039613 0.001697146 -0.035265468 -0.148874417 0.002785802 0.988223135
1341846648.906165 0.163095549 -0.019488323 -0.004392338 -0.038234565 -0.154570967 0.001963391 0.987239659
1341846648.942154 0.224256665 -0.042279497 0.008193379 -0.044544537 -0.179507852 0.021015966 0.982522786
1341846648.974090 0.185592100 0.002785834 0.000547581 -0.037165280 -0.184645623 0.005404089 0.982087314
1341846649.006157 0.183051124 -0.001630991 0.019191029 -0.040737912 -0.188428342 0.001598973 0.981240392
1341846649.042101 0.187858239 -0.026544288 0.021082969 -0.044707369 -0.197943017 0.003253753 0.979188025
1341846649.074128 0.205539316 0.004919222 0.009936565 -0.040961154 -0.205993801 -0.003341889 0.977689922
1341846649.106188 0.201512203 0.012609203 0.023485692 -0.042410929 -0.206538990 -0.014818898 0.977406442
1341846649.142042 0.212308452 -0.007022321 0.025261216 -0.048489749 -0.210111037 -0.014760739 0.976362765
1341846649.174442 0.219309852 -0.004319459 0.031552941 -0.050188191 -0.216833144 -0.018606544 0.974740148
1341846649.216152 0.229218140 -0.001157767 0.046925437 -0.050572470 -0.219429299 -0.022809381 0.974049747
1341846649.248048 0.239828050 -0.007755343 0.046690654 -0.053968173 -0.220525831 -0.019873394 0.973684132
1341846649.280075 0.239999890 0.000517046 0.032108270 -0.056640942 -0.221775517 -0.020537283 0.973234653
1341846649.316071 0.246050358 -0.000457107 0.044559885 -0.061467972 -0.223748177 -0.020887723 0.972482443
1341846649.348041 0.245001718 -0.019255219 0.067971483 -0.066448711 -0.227105692 -0.016569298 0.971459210
1341846649.383973 0.247441009 -0.012863440 0.070979662 -0.063647524 -0.231847808 -0.014111975 0.970565021
1341846649.416053 0.257030487 0.006173952 0.056677382 -0.061291624 -0.231572717 -0.019363025 0.970691741
1341846649.448084 0.261350095 -0.002038015 0.065848596 -0.067589924 -0.229508355 -0.018372042 0.970783174
1341846649.484154 0.261087447 -0.011001460 0.077871360 -0.071312867 -0.232191190 -0.018688450 0.969872415
1341846649.516198 0.267731428 -0.008964368 0.083188109 -0.069870718 -0.234861150 -0.021703584 0.969271541
1341846649.552101 0.281142801 -0.009606961 0.092159726 -0.068735272 -0.234752193 -0.023077156 0.969347298
1341846649.616167 0.283606499 -0.021033060 0.086752810 -0.069854766 -0.237380818 -0.017064916 0.968751431
1341846649.678101 0.301084936 -0.032902326 0.085408591 -0.070660867 -0.241196483 -0.020037929 0.967692971
1341846649.710937 0.297445446 -0.035119388 0.081209593 -0.069051020 -0.246042326 -0.019488469 0.966599882
1341846649.746112 0.310402960 -0.033845380 0.094297968 -0.066972628 -0.254543155 -0.022549480 0.964475989
1341846649.778019 0.311541080 -0.036510494 0.083663367 -0.065885007 -0.257869393 -0.022741303 0.963662446
1341846649.810257 0.324080974 -0.044199903 0.062911510 -0.065399460 -0.265590340 -0.022448923 0.961603224
1341846649.846059 0.338426173 -0.031030916 0.061018664 -0.065480307 -0.275937766 -0.025239490 0.958610237
1341846649.878137 0.341504425 -0.028642295 0.072060205 -0.069683000 -0.281724662 -0.028278228 0.956543684
1341846649.914184 0.343228549 -0.044193152 0.103659384 -0.071637645 -0.288824618 -0.022751722 0.954426885
1341846649.952612 0.359044999 -0.030974615 0.096249424 -0.067736484 -0.292286932 -0.020543002 0.953707516
1341846650.014156 0.370905519 -0.040544279 0.112720490 -0.069172606 -0.296988547 -0.010481350 0.952314556
1341846650.046184 0.380662441 -0.027962195 0.123258285 -0.066450067 -0.300894231 -0.009917011 0.951287925
1341846650.078250 0.400778562 -0.031931333 0.145655096 -0.066074036 -0.303283364 -0.007852946 0.950574458
1341846650.114215 0.404598355 -0.041303668 0.137444556 -0.066159643 -0.302498430 -0.004299243 0.950841248
1341846650.146137 0.408350378 -0.042555105 0.147399172 -0.064644724 -0.305687487 -0.002419965 0.949931741
1341846650.182236 0.421635330 -0.039931346 0.163502157 -0.059740651 -0.307033420 -0.004047693 0.949813247
1341846650.214164 0.431323171 -0.044332791 0.145947888 -0.058849063 -0.305175632 -0.003952499 0.950467765
1341846650.246084 0.434668720 -0.046337798 0.155659363 -0.060813684 -0.306982696 -0.004437849 0.949759781
1341846650.282167 0.441879839 -0.055405702 0.184190631 -0.058315344 -0.307898223 -0.009336114 0.949584544
1341846650.314158 0.440841019 -0.049797874 0.164193749 -0.054332037 -0.302818000 -0.012490210 0.951416433
1341846650.350453 0.444083095 -0.058469482 0.147948667 -0.056994669 -0.301857203 -0.013799639 0.951547921
1341846650.382075 0.443221629 -0.052361198 0.175501898 -0.058040883 -0.303400934 -0.016259219 0.950954676
1341846650.414224 0.447698325 -0.057540193 0.199206784 -0.057088058 -0.300893486 -0.016098430 0.951811373
1341846650.450353 0.441844314 -0.052634370 0.169055924 -0.054405525 -0.293353587 -0.015504448 0.954328716
1341846650.484849 0.441693574 -0.047586199 0.161382318 -0.054461300 -0.289736509 -0.019578939 0.955355108
1341846650.514091 0.443202436 -0.055970099 0.193222642 -0.056913149 -0.286445230 -0.019386159 0.956208229
1341846650.550746 0.432793856 -0.068583652 0.200578019 -0.053670332 -0.279607713 -0.018419005 0.958436131
1341846650.582069 0.429969579 -0.057792548 0.183167174 -0.047941595 -0.272348166 -0.018162757 0.960832000
1341846650.618092 0.413607419 -0.051499266 0.172641411 -0.046413582 -0.264789313 -0.022485306 0.962926149
1341846650.650422 0.408880264 -0.054777071 0.164723262 -0.045705564 -0.257129043 -0.026401898 0.964934528
1341846650.682114 0.401188701 -0.057054706 0.157095402 -0.044901751 -0.249795705 -0.027675046 0.966860890
1341846650.718110 0.392143995 -0.057618566 0.152435362 -0.044192646 -0.244019061 -0.030456377 0.968284130
1341846650.750112 0.391479254 -0.054948241 0.169159591 -0.043262478 -0.237864658 -0.031377807 0.969826877
1341846650.782116 0.363421023 -0.071629167 0.154345140 -0.044369802 -0.225320384 -0.029709181 0.972820342
1341846650.818115 0.340526849 -0.070915341 0.154247746 -0.040825050 -0.219805270 -0.029713502 0.974236131
1341846650.850139 0.335281700 -0.059011266 0.133043349 -0.037904378 -0.214706287 -0.031657320 0.975429296
1341846650.886238 0.336346477 -0.049556285 0.151835307 -0.037947912 -0.205247283 -0.033902030 0.977386355
1341846650.918288 0.313047290 -0.063082717 0.139183298 -0.040123075 -0.192550451 -0.031831570 0.979949594
1341846650.950233 0.294561356 -0.055237520 0.126054764 -0.038387831 -0.184112266 -0.030273089 0.981688619
1341846650.986247 0.292899549 -0.051435228 0.154650688 -0.039989300 -0.176281556 -0.026374649 0.983173430
1341846651.050482 0.255974799 -0.057232920 0.101184905 -0.037827190 -0.153735071 -0.021241874 0.987159252
1341846651.086169 0.247557983 -0.048930611 0.108533584 -0.040908314 -0.146962196 -0.019785730 0.988097727
1341846651.118423 0.235400379 -0.079693824 0.097397603 -0.045012459 -0.136012182 -0.015005786 0.989570320
1341846651.154189 0.213762939 -0.066492096 0.089728288 -0.038565133 -0.126923949 -0.013923221 0.991064668
1341846651.186391 0.196564034 -0.056465201 0.083520994 -0.038264230 -0.119927712 -0.011695608 0.991976023
1341846651.218036 0.187124401 -0.061662782 0.080198854 -0.041108571 -0.114424221 -0.010955294 0.992520630
1341846651.254031 0.170200005 -0.062359199 0.080381960 -0.041480578 -0.108090825 -0.011246121 0.993211567
1341846651.286406 0.167738840 -0.056171425 0.069314919 -0.042558193 -0.103197649 -0.011210633 0.993686736
1341846651.318309 0.151310623 -0.064560637 0.070685998 -0.045311026 -0.097680919 -0.013214318 0.994097948
1341846651.354135 0.142405078 -0.060350925 0.061815146 -0.043319643 -0.091298550 -0.016891122 0.994737446
1341846651.386180 0.127429664 -0.061360858 0.067814976 -0.042521223 -0.083392702 -0.016673125 0.995469570
1341846651.422237 0.106024399 -0.059460726 0.059179939 -0.042616196 -0.078548796 -0.017393254 0.995847106
1341846651.492135 0.097901948 -0.058887478 0.047309652 -0.045805193 -0.071978390 -0.022735786 0.996094406
1341846651.560316 0.068226002 -0.072178937 0.043097153 -0.043907773 -0.052737303 -0.024353186 0.997345388
1341846651.622176 0.039982423 -0.070532739 0.031485505 -0.034865335 -0.040453278 -0.026670633 0.998216748
1341846651.654223 0.028320769 -0.075259171 0.026363319 -0.032124523 -0.036552716 -0.024274306 0.998520255
1341846651.690127 0.017982537 -0.076064944 0.020942630 -0.028070800 -0.033527836 -0.021761490 0.998806477
1341846651.722318 0.007045963 -0.073558651 0.010714093 -0.024183741 -0.029233262 -0.019754857 0.999084771
1341846651.754212 -0.009401633 -0.066059232 -0.001649232 -0.021305135 -0.024275327 -0.018986037 0.999297917
1341846651.790200 -0.015800444 -0.060151976 -0.020487633 -0.022175936 -0.019434851 -0.019742651 0.999370158
1341846651.822233 -0.033729579 -0.075358815 -0.011463816 -0.023793891 -0.011970991 -0.019135328 0.999462068
1341846651.858213 -0.041306876 -0.097210072 -0.026086548 -0.018974099 -0.007390295 -0.013181193 0.999705791
1341846651.890237 -0.055741910 -0.074978799 -0.027038962 -0.007866062 -0.001201378 -0.011544473 0.999901712
1341846651.922186 -0.070125028 -0.066237502 -0.034487881 -0.005083216 0.004151203 -0.009457015 0.999933720
1341846651.958047 -0.083207950 -0.076921619 -0.032301493 -0.004728433 0.007536937 -0.006670162 0.999938190
1341846651.990020 -0.088196024 -0.081948012 -0.027734561 0.000919115 0.012637019 -0.002040984 0.999917686
1341846652.022081 -0.108297072 -0.069464885 -0.045313425 0.008870115 0.018865718 0.001989845 0.999780715
1341846652.058058 -0.118826970 -0.055966258 -0.052531578 0.010765483 0.020441676 0.004080398 0.999724746
1341846652.090106 -0.131207794 -0.053619593 -0.060177438 0.009270543 0.023171080 0.001527453 0.999687374
1341846652.126257 -0.139448702 -0.054611363 -0.061254326 0.006691601 0.027388962 0.001250622 0.999601662
1341846652.158232 -0.153364018 -0.058098081 -0.057874966 0.004272983 0.030169358 0.003194343 0.999530554
1341846652.190049 -0.167211339 -0.063426457 -0.063153774 0.003343716 0.033361498 0.000650137 0.999437571
1341846652.225981 -0.163129792 -0.067859158 -0.059573587 0.003973764 0.038655531 -0.000386925 0.999244630
1341846652.258089 -0.190390661 -0.068204291 -0.048861787 0.005689713 0.047782082 0.004125539 0.998833060
1341846652.290189 -0.214034766 -0.071358956 -0.052062027 0.008926435 0.050366554 0.006536198 0.998669565
1341846652.326148 -0.216503441 -0.077258810 -0.061759647 0.015091705 0.051898796 0.009184582 0.998496115
1341846652.358184 -0.228402182 -0.061908647 -0.056629505 0.020128641 0.056026731 0.008834701 0.998187304
1341846652.394279 -0.243300080 -0.063283786 -0.056501269 0.020756057 0.058662057 0.008964260 0.998021841
1341846652.426287 -0.262448788 -0.068237357 -0.054176465 0.021907778 0.062829226 0.007386914 0.997756481
1341846652.458277 -0.270557731 -0.070824772 -0.051508091 0.024141412 0.066351563 0.008593049 0.997467220
1341846652.494100 -0.287834346 -0.064283423 -0.051229320 0.027735893 0.070531256 0.008013087 0.997091770
1341846652.526469 -0.290753275 -0.060687713 -0.057094596 0.027581295 0.074085176 0.007780008 0.996840119
1341846652.562089 -0.297127366 -0.077919610 -0.084313788 0.025670957 0.081013076 0.005446716 0.996367514
1341846652.594254 -0.301283240 -0.073619664 -0.077776022 0.028851317 0.092361085 0.004159825 0.995298862
1341846652.626356 -0.305773348 -0.076138988 -0.074256480 0.030252289 0.103423804 0.003725856 0.994170249
1341846652.662152 -0.337989181 -0.070847258 -0.074958645 0.031265322 0.126813054 -0.004023225 0.991425574
1341846652.694113 -0.358578324 -0.069420315 -0.059784632 0.029027967 0.156875998 -0.009680809 0.987144172
1341846652.726378 -0.384316355 -0.073801525 -0.042128749 0.030607978 0.189681038 -0.011709481 0.981298685
1341846652.762129 -0.350840628 -0.071306527 -0.076328427 0.030753048 0.209592015 -0.012850308 0.977220714
1341846652.794152 -0.376983553 -0.067690931 -0.059689250 0.028557379 0.244941786 -0.014406609 0.969009995
1341846652.830250 -0.377226800 -0.077883102 -0.048704755 0.027680770 0.271762341 -0.012271707 0.961887956
1341846652.862014 -0.369827926 -0.074390799 -0.054673847 0.026845118 0.288309783 -0.009955085 0.957109034
1341846652.894426 -0.372648984 -0.076430880 -0.048814271 0.025799407 0.306317508 -0.007653735 0.951548934
1341846652.930346 -0.369458765 -0.077352256 -0.046388060 0.027622376 0.324372441 -0.004017903 0.945517480
1341846652.962213 -0.389313251 -0.063673005 -0.037002318 0.028306453 0.342675298 -0.004755233 0.939015329
1341846653.030292 -0.367034525 -0.077862971 -0.027474741 0.021278892 0.370118588 -0.001762267 0.928739071
1341846653.062672 -0.376825660 -0.076732919 -0.012815189 0.024374140 0.386243910 -0.000097898 0.922074616
1341846653.099024 -0.384434402 -0.075198703 0.004391283 0.022876078 0.401844263 -0.003507489 0.915415525
1341846653.130475 -0.374583393 -0.076289967 0.012102135 0.019192658 0.418581843 -0.004090664 0.907967031
1341846653.162620 -0.380671918 -0.078065142 0.014293012 0.019327372 0.434003145 -0.000705245 0.900703728
1341846653.198437 -0.384235859 -0.076608516 0.007732508 0.020160422 0.444920212 0.002517156 0.895339727
1341846653.230042 -0.379556566 -0.077904142 0.011847184 0.021436825 0.457014084 0.006306155 0.889178753
1341846653.298380 -0.401385874 -0.072932847 0.027113022 0.021108873 0.484928906 0.009388641 0.874248385
1341846653.330162 -0.392010987 -0.076591931 0.029397829 0.020356379 0.495764554 0.012180558 0.868132949
1341846653.366319 -0.402538657 -0.072222829 0.029130952 0.019794593 0.506598771 0.015877381 0.861808419
1341846653.398226 -0.394108057 -0.075449906 0.034015913 0.019966627 0.515479386 0.019699132 0.856442809
1341846653.430060 -0.421735078 -0.063248672 0.018359516 0.024309404 0.522664666 0.022594308 0.851892114
1341846653.466341 -0.424271613 -0.062909000 0.018503170 0.025734773 0.528180778 0.020431835 0.848495901
1341846653.498194 -0.433228165 -0.060612053 0.012996974 0.025701137 0.532312155 0.020202182 0.845916688
1341846653.530205 -0.425188005 -0.062853202 0.016340101 0.025001219 0.534010053 0.017627751 0.844924510
1341846653.566601 -0.435350597 -0.057967793 0.008793878 0.026897915 0.534516931 0.016007181 0.844577909
1341846653.598213 -0.431121707 -0.064158462 0.020663999 0.025243234 0.536082447 0.015855288 0.843639135
1341846653.634793 -0.430573165 -0.062733479 0.006624910 0.024988880 0.533517480 0.016489277 0.845259011
1341846653.666143 -0.426250905 -0.058422688 -0.012571085 0.025848558 0.531322598 0.017424190 0.846595824
1341846653.698738 -0.445028245 -0.056332413 -0.044429023 0.025492039 0.525789082 0.019294342 0.850013971
1341846653.734313 -0.446172535 -0.062434651 -0.034098793 0.021600550 0.521380126 0.019928690 0.852818251
1341846653.766275 -0.451397717 -0.055219159 -0.024809547 0.022539157 0.519395828 0.022080461 0.853951097
1341846653.802358 -0.447540611 -0.053481609 -0.006773127 0.021588653 0.514868915 0.022958264 0.856689453
1341846653.834226 -0.442754090 -0.058792084 -0.000884621 0.020406611 0.505686164 0.024551447 0.862126589
1341846653.866214 -0.444512606 -0.057347283 -0.001770885 0.019516889 0.497972488 0.023302954 0.866659939
1341846653.902170 -0.451547116 -0.058779519 -0.042463146 0.018890077 0.487442553 0.025668601 0.872573197
1341846653.934160 -0.445430994 -0.056040764 -0.040450078 0.016414249 0.479375333 0.024742667 0.877107561
1341846653.966155 -0.449278176 -0.055329252 -0.047364030 0.015374904 0.473179370 0.025143899 0.880472958
1341846654.002169 -0.449373096 -0.055914793 -0.048816964 0.010772937 0.464323193 0.024490224 0.885261655
1341846654.034140 -0.448149294 -0.055868607 -0.047199327 0.007430734 0.456045628 0.024482625 0.889588535
1341846654.070172 -0.445083797 -0.055959083 -0.045857836 0.009905134 0.445319563 0.025467876 0.894954622
1341846654.102438 -0.441382855 -0.057347845 -0.043169647 0.013360640 0.434541792 0.025820680 0.900182307
1341846654.134349 -0.431731105 -0.054632079 -0.026136672 0.018713016 0.424968779 0.027325124 0.904601932
1341846654.170244 -0.430520207 -0.058602899 -0.012050735 0.020349465 0.412359208 0.025950270 0.910424292
1341846654.202087 -0.421541959 -0.067317896 -0.007623651 0.019923868 0.397600830 0.021076940 0.917099953
1341846654.234434 -0.414589703 -0.067960262 0.009153977 0.021327758 0.389970899 0.018891722 0.920386314
1341846654.270041 -0.442584664 -0.076806411 0.029008906 0.019209001 0.384410352 0.015240943 0.922836602
1341846654.302117 -0.438620329 -0.067891680 0.044781145 0.020049345 0.369361758 0.012627244 0.928983569
1341846654.338026 -0.402550459 -0.074148051 0.019791964 0.017975643 0.354873568 0.012174122 0.934662223
1341846654.369979 -0.428313702 -0.074197307 0.051097315 0.018440694 0.350278050 0.012771265 0.936377168
1341846654.402172 -0.446480095 -0.072325915 0.059167396 0.020718222 0.330710948 0.013717259 0.943404973
1341846654.438133 -0.420209616 -0.064881705 0.015025319 0.019267580 0.312786996 0.013339248 0.949534178
1341846654.470186 -0.412500024 -0.070877135 0.026352756 0.015652133 0.303422153 0.012058641 0.952651381
1341846654.502267 -0.427145958 -0.079524375 0.003617331 0.015862061 0.284200072 0.014220697 0.958528280
1341846654.539064 -0.387039840 -0.064897269 0.012088914 0.016867330 0.264843464 0.010900482 0.964082241
1341846654.570053 -0.386769950 -0.069644250 0.016922718 0.013344605 0.261074364 0.008963206 0.965184808
1341846654.606030 -0.386546165 -0.077231377 0.031948913 0.012087774 0.244330093 0.005871398 0.969599009
1341846654.637980 -0.354211569 -0.075044341 0.014601733 0.016542206 0.220924452 0.007389077 0.975122631
1341846654.670155 -0.347001433 -0.071465947 0.018522410 0.019280495 0.214849010 0.006176705 0.976437390
1341846654.706022 -0.331034124 -0.066936061 0.007197958 0.023062497 0.199140251 0.009263706 0.979655802
1341846654.738497 -0.330700547 -0.077709839 -0.011972495 0.026618993 0.179694861 0.012709654 0.983280063
1341846654.774056 -0.311266899 -0.060035910 -0.029466150 0.030323936 0.169978604 0.014703589 0.984871328
1341846654.806040 -0.308212876 -0.059761964 -0.030397272 0.027986158 0.159370050 0.014708798 0.986712515
1341846654.838060 -0.308737069 -0.065104313 -0.027209641 0.027649723 0.143268228 0.015245123 0.989180148
1341846654.874136 -0.286800563 -0.050528940 -0.047050901 0.028128911 0.128314361 0.015246375 0.991217315
1341846654.906209 -0.279118568 -0.055453986 -0.025914198 0.023562269 0.117439650 0.014477815 0.992694914
1341846654.938214 -0.269141823 -0.070761077 -0.027506145 0.023993723 0.100302674 0.015613070 0.994545102
1341846654.974334 -0.257245213 -0.061486963 -0.046500616 0.029963315 0.081556194 0.018684581 0.996043026
1341846655.006124 -0.249532714 -0.044239163 -0.045040105 0.031129431 0.068168819 0.018967761 0.997007608
1341846655.042239 -0.262349278 -0.059497833 -0.047258720 0.027942711 0.051953170 0.018738380 0.998082578
1341846655.074179 -0.252089560 -0.063205294 -0.053276774 0.029968373 0.029554758 0.019749181 0.998918593
1341846655.106132 -0.210054785 -0.053085715 -0.066825554 0.032006372 0.011470634 0.020867661 0.999203920
1341846655.142070 -0.240956917 -0.048010450 -0.067692600 0.031369213 -0.003214975 0.015432362 0.999383509
1341846655.174000 -0.195781589 -0.042447895 -0.072993450 0.031122198 -0.032605566 0.017569670 0.998829126
1341846655.206124 -0.192203641 -0.044578463 -0.082634844 0.028293638 -0.042591561 0.013387640 0.998602092
1341846655.242079 -0.172210112 -0.060158871 -0.074451953 0.028008340 -0.058537569 0.017169327 0.997744501
1341846655.274211 -0.147364587 -0.059385974 -0.081346177 0.031348988 -0.067170203 0.019074215 0.997066438
1341846655.310175 -0.143122926 -0.069244280 -0.075661033 0.035522688 -0.067931391 0.023748320 0.996774495
1341846655.342236 -0.139083073 -0.062093306 -0.076347783 0.044053253 -0.073805049 0.028330160 0.995896339
1341846655.374134 -0.130659074 -0.059425674 -0.092162289 0.046193544 -0.076489478 0.027887069 0.995609283
1341846655.410207 -0.127567753 -0.060156282 -0.083409041 0.048244674 -0.077546030 0.030956397 0.995339513
1341846655.442262 -0.136558399 -0.069568060 -0.092622347 0.052135780 -0.086091474 0.033158541 0.994369447
1341846655.474205 -0.139059007 -0.063338153 -0.107797861 0.053306408 -0.095550463 0.030399689 0.993531227
1341846655.510277 -0.132168829 -0.053159352 -0.111857101 0.050414193 -0.106766254 0.029504675 0.992566764
1341846655.542135 -0.122739434 -0.053530954 -0.094577454 0.046049751 -0.114795111 0.031405658 0.991824150
1341846655.578132 -0.124031484 -0.051468633 -0.088753790 0.044231985 -0.122003838 0.030532422 0.991073310
1341846655.642348 -0.120364331 -0.048488766 -0.098130852 0.038621586 -0.141456842 0.028341142 0.988784671
1341846655.678110 -0.111097224 -0.055247594 -0.083462022 0.038042393 -0.153456941 0.029771753 0.986973822
1341846655.710074 -0.105824284 -0.049827691 -0.089057922 0.040018439 -0.164910078 0.030474659 0.985025167
1341846655.748050 -0.098981731 -0.050715435 -0.117089637 0.036507323 -0.175133169 0.031644352 0.983358622
1341846655.810222 -0.087428682 -0.050629340 -0.104212798 0.033503667 -0.195480406 0.034163963 0.979539514
1341846655.846257 -0.079850271 -0.039897703 -0.117930502 0.032723453 -0.205552787 0.033940423 0.977509677
1341846655.910355 -0.063976020 -0.046578232 -0.122465946 0.025559498 -0.226559788 0.034738299 0.973041952
1341846655.946240 -0.058528118 -0.035320546 -0.120999746 0.025641635 -0.237046525 0.032355174 0.970620751
1341846655.978412 -0.038050871 -0.033148099 -0.118158229 0.022710085 -0.244902402 0.032518495 0.968736112
1341846656.014188 -0.030785317 -0.031625293 -0.108462378 0.020175936 -0.248884574 0.033601895 0.967739820
1341846656.046211 -0.028315090 -0.038141545 -0.115715854 0.017634299 -0.251876742 0.034656893 0.966977775
1341846656.078165 -0.026555685 -0.039612152 -0.125531510 0.017046994 -0.255819082 0.036243070 0.965894639
1341846656.114220 -0.024901485 -0.031336911 -0.126973763 0.016172983 -0.260251880 0.035766818 0.964742541
1341846656.146158 -0.027615679 -0.036323652 -0.122756727 0.013393138 -0.266293705 0.035236176 0.963154554
1341846656.178154 -0.026157340 -0.033472430 -0.116987534 0.014126311 -0.272289813 0.035906445 0.961441338
1341846656.214132 -0.014717179 -0.033722878 -0.121800706 0.013728088 -0.278758973 0.035502579 0.959606409
1341846656.246093 -0.010581499 -0.031826623 -0.104590990 0.014338266 -0.282785237 0.036404852 0.958384871
1341846656.282181 -0.006703558 -0.025753763 -0.124771789 0.014711665 -0.285046011 0.035462022 0.957744658
1341846656.314258 -0.005696259 -0.028369475 -0.127479956 0.012886116 -0.289427489 0.034043923 0.956507564
1341846656.346094 0.001734816 -0.019688049 -0.129778534 0.012185575 -0.294042259 0.032085180 0.955175996
1341846656.382222 -0.001474319 -0.032669071 -0.143068656 0.007990285 -0.297107339 0.030893879 0.954310715
1341846656.414253 -0.014918289 -0.029226596 -0.116964616 0.010066316 -0.306928188 0.031552967 0.951156199
1341846656.446177 0.000631010 -0.015814256 -0.123440020 0.009270201 -0.316070825 0.030589605 0.948197007
1341846656.482260 -0.000324272 -0.025148721 -0.121424168 0.002858921 -0.321848571 0.030686999 0.946289420
1341846656.519461 0.007586136 -0.030257083 -0.125841573 0.002430434 -0.329179436 0.032671589 0.943698883
1341846656.582247 0.013346067 -0.019860219 -0.134159282 -0.001679052 -0.334359497 0.031256679 0.941925645
1341846656.614195 0.011252016 -0.024741357 -0.138878912 -0.003516563 -0.336364448 0.030873137 0.941219151
1341846656.649995 0.016912524 -0.025023729 -0.144916564 -0.003416095 -0.337786913 0.030740736 0.940714240
1341846656.682076 0.012343439 -0.029397434 -0.158663347 -0.004516899 -0.341184676 0.031011017 0.939473748
1341846656.714216 0.020963084 -0.025657991 -0.154739141 -0.005567234 -0.345980108 0.031410489 0.937699437
1341846656.749974 0.016134968 -0.018989488 -0.142630994 -0.007509666 -0.347552687 0.031367783 0.937105596
1341846656.782653 0.020232346 -0.026473315 -0.134775490 -0.008462282 -0.350464165 0.032713704 0.935966372
1341846656.824388 0.021523470 -0.018261490 -0.143858880 -0.007734749 -0.353121668 0.032296214 0.934987843
1341846656.856226 0.024920356 -0.010299774 -0.136815980 -0.009899328 -0.354597747 0.030802790 0.934458971
1341846656.892050 0.025562035 -0.015786679 -0.120965540 -0.012459506 -0.353170484 0.031798866 0.934935391
1341846656.924099 0.026384013 -0.011088753 -0.119586781 -0.011928201 -0.352485955 0.030890202 0.935231090
1341846656.956112 0.027182378 -0.004613139 -0.112815790 -0.012878106 -0.347576678 0.028939405 0.937116385
1341846656.992122 0.028464252 -0.009892221 -0.108806483 -0.015180862 -0.341205269 0.031419173 0.939340889
1341846657.024108 0.033775035 -0.013474731 -0.112772040 -0.015752416 -0.338545471 0.032590479 0.940253496
1341846657.056121 0.033713236 -0.013815459 -0.099381395 -0.016679602 -0.333830297 0.033120770 0.941903532
1341846657.092006 0.018574905 -0.011440965 -0.058170006 -0.013264879 -0.323318899 0.036987972 0.945473850
1341846657.124027 0.031554617 -0.011177646 -0.065038927 -0.006703037 -0.314426571 0.039918415 0.948418438
1341846657.155973 0.036249503 -0.007488708 -0.065774664 -0.001728208 -0.303659171 0.041113537 0.951891720
1341846657.192094 0.018420447 -0.003474022 -0.074039929 0.000879311 -0.284565836 0.040032227 0.957819879
1341846657.224195 0.030669089 -0.007330938 -0.063856967 0.002664026 -0.276320845 0.037315190 0.960337043
1341846657.292164 0.035719223 -0.012299865 -0.070113443 0.004136634 -0.256138623 0.032284081 0.966091931
1341846657.354367 0.046858612 -0.015716009 -0.091340519 0.003044397 -0.238711983 0.029558601 0.970635653
1341846657.386193 0.051069241 -0.019239718 -0.077440284 0.002535497 -0.229551464 0.027773930 0.972896814
1341846657.418105 0.054751694 -0.018511863 -0.073628008 0.005381832 -0.218451157 0.028026858 0.975430489
1341846657.454277 0.055796418 -0.018171316 -0.068004519 0.006438452 -0.208693609 0.026802253 0.977592528
1341846657.486117 0.067456342 -0.022435108 -0.066084720 0.006757049 -0.196639314 0.027229220 0.980074465
1341846657.522092 0.060838543 -0.024369907 -0.063404925 0.009981646 -0.181718498 0.025409156 0.982971549
1341846657.554062 0.053722207 -0.023226399 -0.063104868 0.012931095 -0.173430845 0.025549391 0.984429657
1341846657.586078 0.073118694 -0.018376660 -0.057093211 0.012997300 -0.165034264 0.020521238 0.985988677
1341846657.622205 0.057914399 -0.024209887 -0.055773329 0.012449145 -0.148434505 0.018299606 0.988674521
1341846657.654161 0.055865083 -0.023364495 -0.057351671 0.014214400 -0.141335323 0.018636005 0.989684284
1341846657.686517 0.074566521 -0.022174872 -0.051178448 0.014850143 -0.133858040 0.015687630 0.990765035
1341846657.722061 0.060580041 -0.028013946 -0.040444478 0.015551032 -0.116284475 0.013461630 0.993002951
1341846657.754104 0.058193881 -0.022994075 -0.048353620 0.016769147 -0.107833259 0.012740465 0.993945897
1341846657.790066 0.085106462 -0.021653267 -0.055697657 0.012177796 -0.099691637 0.008086157 0.994911015
1341846657.822089 0.053267755 -0.035688795 -0.035163615 0.010688727 -0.075949833 0.004649310 0.997043490
1341846657.853972 0.056487307 -0.033873916 -0.032184605 0.014679232 -0.067150354 0.008873191 0.997595429
1341846657.889993 0.086254194 -0.028951146 -0.049574863 0.013740640 -0.060102750 0.008448316 0.998061836
1341846657.922046 0.066338167 -0.033016980 -0.017732803 0.014359010 -0.041656196 0.007698091 0.998999178
1341846657.954192 0.055843413 -0.031902671 -0.033632409 0.014833773 -0.031217465 0.010797542 0.999344230
1341846657.990141 0.062334221 -0.032388151 -0.035772745 0.011605853 -0.021639539 0.009473720 0.999653578
1341846658.022419 0.056186754 -0.045681205 -0.000535289 0.011696351 -0.011677533 0.011554561 0.999796629
1341846658.090215 0.068428300 -0.032315247 -0.008958103 0.014328918 0.000613688 0.011487005 0.999831140
1341846658.122355 0.044955462 -0.031551540 0.004463667 0.013350547 0.010962055 0.010756548 0.999792933
1341846658.158136 0.045980990 -0.031984180 0.003719013 0.011504130 0.014534528 0.010565288 0.999772370
1341846658.190098 0.062067594 -0.036806166 -0.006435707 0.008730945 0.018415321 0.010119252 0.999741077
1341846658.226027 0.037720148 -0.044831615 0.018698279 0.009026643 0.027481565 0.008769314 0.999543071
1341846658.258133 0.027905053 -0.039422378 0.006922281 0.011336830 0.031117633 0.007253976 0.999425113
1341846658.290020 0.056753125 -0.040549401 0.015013264 0.009637387 0.030558497 0.005352591 0.999472201
1341846658.326239 0.042490620 -0.042971529 0.020126583 0.009858070 0.035663411 0.001874533 0.999313474
1341846658.358248 0.031340901 -0.026218021 0.009435072 0.008840107 0.037295215 -0.002227285 0.999262750
1341846658.390215 0.042081706 -0.040422052 0.011554536 0.001303246 0.035571143 -0.006063127 0.999347925
1341846658.426300 0.039314095 -0.048731893 0.021098511 -0.001363340 0.039278019 -0.006920581 0.999203444
1341846658.458168 0.017770220 -0.051793013 0.021901218 -0.000186215 0.039748650 -0.005654675 0.999193728
1341846658.494176 0.017775439 -0.030814700 0.015766609 0.000033355 0.034766596 -0.003167857 0.999390423
1341846658.526214 0.026380204 -0.022866867 0.016907735 -0.010070807 0.032193679 -0.003459566 0.999424934
1341846658.558129 -0.001265483 -0.013383524 -0.003108246 -0.019311301 0.033240192 0.000666325 0.999260545
1341846658.594206 -0.009443266 -0.022222200 0.000542136 -0.043656711 0.029931592 -0.002449007 0.998595119
1341846658.626105 -0.013276128 -0.047104377 0.009642596 -0.063934512 0.025690032 -0.006196311 0.997604132
1341846658.658181 -0.001757246 -0.046540216 0.009742408 -0.068183318 0.020109026 -0.004448641 0.997460186
1341846658.694141 -0.009613175 -0.003752396 -0.008721643 -0.073780663 0.019876357 -0.002737230 0.997072637
1341846658.726153 -0.017136108 -0.047069710 -0.003346257 -0.095145263 0.018576225 -0.000937389 0.995289624
1341846658.762100 -0.007210504 -0.053024333 0.010294668 -0.098461494 0.010451457 -0.001830084 0.995084286
1341846658.794185 0.012883670 -0.042320702 -0.003922313 -0.100233279 0.007146963 0.003058874 0.994933605
1341846658.826155 -0.004933939 -0.008195186 0.000427565 -0.106389292 0.012413951 0.000524608 0.994246900
1341846658.862197 -0.020771755 -0.045225460 0.008214546 -0.117675290 0.011791236 -0.000866779 0.992981732
1341846658.894170 0.008387516 -0.044996820 -0.001178382 -0.119792655 0.007561897 0.002984931 0.992765665
1341846658.962404 -0.024602842 -0.055524144 0.006090291 -0.139044866 0.018337304 0.006018058 0.990097940
1341846658.994217 -0.025585234 -0.045657009 0.011053937 -0.138295382 0.015582610 0.005603342 0.990252614
1341846659.030070 0.006882880 -0.064841360 0.011572895 -0.139960051 0.011934939 0.004445544 0.990075231
1341846659.062007 -0.011932081 -0.066829138 0.013358966 -0.135808602 0.014368331 0.004615476 0.990620136
1341846659.094100 -0.026022604 -0.049957477 0.008472603 -0.131466419 0.015419221 0.003569609 0.991194248
1341846659.130368 -0.026350617 -0.057086948 0.003077331 -0.134347603 0.018628197 0.001714521 0.990757644
1341846659.162537 -0.036199924 -0.071725920 0.008450172 -0.134005874 0.021197861 0.001785079 0.990752161
1341846659.198696 -0.006184223 -0.052868292 0.004035237 -0.127422884 0.014292273 0.002323488 0.991742790
1341846659.231286 -0.010908291 -0.047527879 -0.003763535 -0.128034100 0.019858394 0.000890860 0.991570532
1341846659.263549 -0.032883063 -0.050980121 0.005883385 -0.128699332 0.025102943 0.002352558 0.991363108
1341846659.298797 -0.016330982 -0.053443130 0.010535116 -0.129647717 0.020588716 0.004168266 0.991337538
1341846659.331074 -0.020356972 -0.046949472 0.004647111 -0.129786581 0.023348944 0.003926522 0.991259217
1341846659.362420 0.002699442 -0.049551424 0.022104573 -0.130358353 0.021713581 0.005976809 0.991211176
1341846659.398303 -0.003255567 -0.064824052 0.008047422 -0.130449399 0.021871056 0.008191492 0.991179824
1341846659.430262 -0.002788855 -0.054269325 0.001520093 -0.128153980 0.021641385 0.007979530 0.991486013
1341846659.466583 -0.018555447 -0.053640518 0.008035741 -0.129412487 0.027344098 0.006650400 0.991191447
1341846659.498531 -0.012044724 -0.061144955 0.005947833 -0.128574118 0.025494555 0.008390093 0.991336644
1341846659.530267 -0.002778522 -0.059475426 0.003002639 -0.126377970 0.022281749 0.008895033 0.991691947
1341846659.566571 -0.003788127 -0.056338638 -0.004809332 -0.125040814 0.025674330 0.008966726 0.991778791
1341846659.598122 -0.007224744 -0.060241368 0.017369322 -0.124405660 0.028388510 0.008235083 0.991791070
1341846659.630209 -0.028265703 -0.057287384 0.000478102 -0.121184349 0.028705070 0.008839893 0.992175519
1341846659.666409 -0.017855696 -0.051206980 -0.002701943 -0.120326869 0.027003625 0.006909967 0.992342949
1341846659.698237 -0.017714458 -0.067534491 0.000468110 -0.123965040 0.027828922 0.006867158 0.991872489
1341846659.734169 -0.030118467 -0.069966137 -0.002194469 -0.123756222 0.023548903 0.005584267 0.992017448
1341846659.766421 -0.015213643 -0.054976106 0.001182774 -0.121288411 0.018412378 0.002936583 0.992442191
1341846659.798087 -0.012936534 -0.057483427 0.006441982 -0.121256277 0.019127116 0.002560273 0.992433608
1341846659.834075 -0.043448333 -0.074332885 -0.004069704 -0.122910112 0.020892877 0.002530562 0.992194653
1341846659.866481 -0.004526034 -0.056692321 0.014200971 -0.119214095 0.010016438 0.003762133 0.992810905
1341846659.898128 -0.016015001 -0.060016196 0.001818918 -0.119364813 0.010675011 0.002273258 0.992790461
1341846659.934286 -0.013105066 -0.074863486 -0.001284288 -0.118834078 0.008054636 0.005696122 0.992865086
1341846659.966354 -0.021686357 -0.055750936 -0.002117009 -0.113161415 0.005055895 0.004562450 0.993553281
1341846660.002267 -0.018510459 -0.054580554 -0.004781369 -0.112119243 0.003341839 0.002827404 0.993685126
1341846660.034581 -0.038361311 -0.061776288 -0.003011207 -0.111613855 0.006111030 0.001618664 0.993731558
1341846660.066206 -0.029949542 -0.079408899 -0.003355132 -0.110720925 -0.000571243 0.002555339 0.993848085
1341846660.102245 -0.014900920 -0.072235033 -0.007137010 -0.105385207 -0.005996902 0.001429953 0.994412303
1341846660.140244 -0.016391970 -0.068966657 -0.009479250 -0.104012124 -0.004814107 -0.000343719 0.994564295
1341846660.202316 -0.024646910 -0.070944436 -0.009073797 -0.099899895 -0.010449261 -0.001377084 0.994941652
1341846660.234105 -0.013467348 -0.073151223 -0.011490363 -0.096971691 -0.011070252 -0.001234464 0.995224774
1341846660.270168 -0.030070866 -0.095232517 -0.012588564 -0.094171591 -0.009334502 -0.000841621 0.995511830
1341846660.302258 -0.029738890 -0.123492874 -0.006459071 -0.084210783 -0.014198719 -0.000361401 0.996346712
1341846660.334349 -0.022886902 -0.087461658 -0.015053971 -0.066198371 -0.015537861 -0.002289366 0.997682869
1341846660.370214 -0.009284837 -0.079032317 -0.017531259 -0.061901815 -0.016466552 -0.002315609 0.997943699
1341846660.401986 -0.030942554 -0.069758698 -0.014674898 -0.059973828 -0.016095355 -0.004466902 0.998060167
1341846660.438062 -0.006240819 -0.076503687 -0.003352552 -0.060424443 -0.021495627 -0.005666937 0.997925222
1341846660.470191 -0.025164308 -0.087288827 -0.012059345 -0.059207708 -0.017706713 -0.005302620 0.998074532
1341846660.502233 -0.033395104 -0.077088922 -0.015951537 -0.055416208 -0.018921819 -0.004939298 0.998271763
1341846660.537985 -0.025534185 -0.071500525 -0.015874824 -0.055041246 -0.020087261 -0.004305690 0.998272717
1341846660.570279 -0.000696007 -0.079983905 -0.002283223 -0.055417489 -0.023521904 -0.001668310 0.998184741
1341846660.602130 -0.035290904 -0.083801769 -0.016621489 -0.051570412 -0.020307066 0.000056323 0.998462856
1341846660.638256 -0.003273944 -0.064540409 -0.010243403 -0.048128944 -0.027524419 0.001767249 0.998460293
1341846660.670338 0.009040943 -0.074129425 -0.010015392 -0.050381199 -0.025538774 0.002323345 0.998400748
1341846660.706457 -0.003323110 -0.091876253 -0.001182537 -0.048093442 -0.022804828 0.005361408 0.998568058
1341846660.738241 -0.024494940 -0.081321821 -0.021282317 -0.040063601 -0.019963279 0.006714812 0.998975098
1341846660.770121 0.009348585 -0.080645993 -0.028108846 -0.038279276 -0.020584421 0.008751228 0.999016702
1341846660.806117 0.003721560 -0.092071630 -0.024131572 -0.035394520 -0.015037833 0.009526011 0.999214888
1341846660.838338 0.006399986 -0.102427788 -0.006679073 -0.027176701 -0.017563147 0.012920596 0.999392807
1341846660.870203 0.018134225 -0.091684610 -0.018050449 -0.018047241 -0.017730568 0.011151320 0.999617755
1341846660.906366 0.016695332 -0.093768425 -0.019841310 -0.013819668 -0.011741669 0.011484673 0.999769568
1341846660.938063 0.007748130 -0.106786616 -0.023290260 -0.005125175 -0.009244903 0.016244264 0.999812186
1341846660.974147 -0.011724274 -0.105460882 -0.033883922 0.008162386 -0.005422737 0.012201659 0.999877512
1341846661.006234 0.012286250 -0.087540686 -0.025855020 0.012847648 -0.006157877 0.012195758 0.999824166
1341846661.038225 0.002074701 -0.097112253 -0.021514159 0.013826662 -0.004296737 0.014298148 0.999792993
1341846661.074059 -0.011877776 -0.109346092 -0.025406573 0.026446713 -0.003705736 0.015105380 0.999529183
1341846661.106184 -0.017603349 -0.087793335 -0.025276752 0.036919180 -0.000826615 0.008964497 0.999277651
1341846661.138209 -0.025893811 -0.078252122 -0.029219342 0.036290061 0.001186629 0.007355119 0.999313474
1341846661.174244 -0.016941315 -0.094850689 -0.025763273 0.035168998 0.000142032 0.007135899 0.999355853
1341846661.206205 -0.018430691 -0.091859937 -0.023067856 0.039131466 0.000893805 0.007694175 0.999204040
1341846661.242184 -0.019969808 -0.083394334 -0.024128953 0.041039925 0.001133606 0.008092182 0.999124110
1341846661.274177 -0.017857721 -0.078853324 -0.029636672 0.040045071 0.001787287 0.006734556 0.999173582
1341846661.308814 -0.022356300 -0.084084146 -0.029541966 0.036996141 0.001707413 0.010216221 0.999261677
1341846661.342489 -0.021352177 -0.078806244 -0.030246554 0.037159942 0.000734736 0.009735895 0.999261618
1341846661.374640 -0.020713197 -0.084999837 -0.029065369 0.035547949 0.000954001 0.008565994 0.999330759
1341846661.410178 -0.026910270 -0.100956209 -0.029038837 0.037574347 -0.000043510 0.011400150 0.999228776
1341846661.442211 -0.015055491 -0.089246765 -0.031854831 0.042613961 -0.003094906 0.011477216 0.999020875
1341846661.474354 -0.022325153 -0.079322748 -0.033068888 0.042710289 -0.000615128 0.009659686 0.999040604
1341846661.510169 -0.027609412 -0.076953784 -0.034785770 0.041046042 -0.002299602 0.008515020 0.999118268
1341846661.542767 -0.014541754 -0.071221597 -0.039419137 0.036409445 -0.005170648 0.007609890 0.999294579
1341846661.574217 -0.028659372 -0.091515057 -0.036532320 0.031735037 -0.002219096 0.005688250 0.999477625
1341846661.610041 -0.032605365 -0.090166599 -0.031921804 0.035404559 -0.004930415 0.008081893 0.999328196
1341846661.642253 -0.022177707 -0.078492507 -0.032414727 0.035080653 -0.006499869 0.006402051 0.999342799
1341846661.678078 -0.025940238 -0.085845210 -0.027212299 0.032995943 -0.006116243 0.006860028 0.999413192
1341846661.710142 -0.022666346 -0.102027625 -0.033348441 0.035286367 -0.009252465 0.008321076 0.999299765
1341846661.742341 -0.026146296 -0.115151368 -0.037377607 0.041362327 -0.009865629 0.007148329 0.999069929
1341846661.778063 -0.020634213 -0.105520315 -0.039404970 0.052176084 -0.010028639 0.005603563 0.998571873
1341846661.810103 -0.029089503 -0.107231900 -0.035926670 0.058566887 -0.008336215 0.003048805 0.998244047
1341846661.842216 -0.022265377 -0.107613117 -0.036984634 0.066551551 -0.009729601 0.003303847 0.997730076
1341846661.878157 -0.017070683 -0.096824482 -0.038113218 0.072037578 -0.009045138 0.001427638 0.997359872
1341846661.910222 -0.027245376 -0.098793767 -0.043259844 0.073186211 -0.005457999 -0.000292867 0.997303247
1341846661.946090 -0.029555956 -0.101412565 -0.041515421 0.076190174 -0.004979093 -0.000840781 0.997080445
1341846662.010311 -0.018538473 -0.103914000 -0.027025990 0.091969244 -0.005554995 -0.002327535 0.995743632
1341846662.046195 -0.016496362 -0.104899712 -0.031887792 0.099941082 -0.008116063 -0.001936154 0.994958401
1341846662.078099 -0.012487561 -0.099678762 -0.041187480 0.106159426 -0.008833689 -0.003334583 0.994304299
1341846662.110672 -0.017477848 -0.107755452 -0.037338611 0.111727603 -0.006210928 -0.004894147 0.993707418
1341846662.146166 -0.021430409 -0.106910400 -0.038477913 0.120014027 -0.007154906 -0.002794296 0.992742479
1341846662.178168 -0.025463535 -0.104308940 -0.046751842 0.127431557 -0.007461919 -0.001902754 0.991817474
1341846662.214136 -0.018967437 -0.116975576 -0.034339510 0.139481828 -0.005495860 0.001663179 0.990207970
1341846662.246167 -0.032170061 -0.107148178 -0.051341154 0.149607301 -0.006485181 0.003485338 0.988718092
1341846662.278007 -0.022562673 -0.105422221 -0.058553994 0.154535875 -0.006548583 0.001939703 0.987963557
1341846662.314144 -0.022850472 -0.105364442 -0.044121064 0.160362855 -0.004339418 0.000955774 0.987048149
1341846662.346164 -0.028616318 -0.102458619 -0.045090761 0.165222228 -0.005558193 0.002638098 0.986237168
1341846662.378069 -0.021281574 -0.105197452 -0.042250887 0.170861930 -0.006093049 0.002483884 0.985273004
1341846662.414229 -0.020074610 -0.107200615 -0.036387894 0.177856237 -0.004440672 0.003646594 0.984039724
1341846662.446102 -0.025359085 -0.101754710 -0.042651393 0.184659705 -0.005449922 0.004298270 0.982778013
1341846662.482229 -0.023906315 -0.104134545 -0.035020355 0.193130210 -0.006699727 0.004576958 0.981139600
1341846662.514117 -0.024915319 -0.100274570 -0.040466271 0.202220634 -0.005110499 0.006228686 0.979306817
1341846662.546261 -0.026095659 -0.100962564 -0.041254587 0.209779650 -0.005088574 0.007670681 0.977705359
1341846662.582101 -0.024444530 -0.095912963 -0.049011230 0.212536216 -0.003841470 0.006166025 0.977126181
1341846662.620264 -0.024970861 -0.101696424 -0.041757360 0.215886921 -0.002316310 0.007054185 0.976390123
1341846662.682024 -0.024708247 -0.100998349 -0.039512414 0.224131793 -0.003477652 0.005696674 0.974536002
1341846662.714075 -0.026753966 -0.100235216 -0.041353825 0.225760415 -0.002091941 0.006855047 0.974156499
1341846662.750127 -0.024463139 -0.101449922 -0.040037096 0.230625853 -0.003698135 0.008981961 0.972994030
1341846662.782002 -0.017008800 -0.101527587 -0.049143020 0.231974527 -0.004691746 0.008398385 0.972674310
1341846662.814097 -0.018172521 -0.093476169 -0.065288164 0.229292259 -0.004948430 0.008772395 0.973305523
1341846662.850193 -0.020294499 -0.112747058 -0.025712376 0.230256602 -0.005970019 0.009535184 0.973064899
1341846662.882162 -0.019183051 -0.102189355 -0.050268911 0.232657284 -0.006837785 0.010179027 0.972481489
1341846662.918191 -0.019399365 -0.092172995 -0.071452506 0.231696069 -0.007887144 0.009162044 0.972713113
1341846662.956034 -0.021618314 -0.103304364 -0.043847583 0.231687576 -0.007577592 0.008541261 0.972723246
1341846663.018208 -0.020799715 -0.099247113 -0.055413395 0.236728847 -0.011419344 0.010052013 0.971456647
1341846663.049994 -0.020937881 -0.099904105 -0.052807931 0.235864118 -0.011397896 0.007767764 0.971688151
1341846663.118078 -0.020781938 -0.100718863 -0.053592302 0.238150284 -0.011408374 0.006766602 0.971137702
1341846663.150227 -0.020969765 -0.103515342 -0.043797463 0.239242673 -0.010370758 0.004889392 0.970892072
1341846663.186300 -0.021388141 -0.098706886 -0.056826752 0.238517731 -0.009680732 0.004794715 0.971078038
1341846663.218442 -0.026322095 -0.096459836 -0.058389816 0.234707907 -0.009330912 0.004748001 0.972009540
1341846663.250380 -0.025538456 -0.096110448 -0.059266329 0.228888750 -0.008832769 0.003136129 0.973407447
1341846663.286056 -0.025587916 -0.095447823 -0.059002630 0.224424660 -0.008739302 0.003467072 0.974446058
1341846663.318060 -0.030381000 -0.086309344 -0.072161615 0.215819165 -0.009884476 0.005882523 0.976365626
1341846663.350114 -0.013274251 -0.092128642 -0.057149746 0.203842402 -0.012191050 0.007245210 0.978901029
1341846663.385985 -0.017714456 -0.088539056 -0.059578523 0.195250109 -0.012110879 0.005792009 0.980661631
1341846663.418056 -0.019172892 -0.089452200 -0.053507399 0.190563679 -0.015210377 0.007807451 0.981525958
1341846663.454044 -0.018876081 -0.075562805 -0.048446920 0.183825135 -0.015948843 0.007301195 0.982802451
1341846663.486091 -0.021928268 -0.070487298 -0.044489477 0.177370682 -0.016373590 0.008190905 0.983973861
1341846663.518394 -0.022221588 -0.081130758 -0.032416675 0.169005424 -0.018244501 0.009089999 0.985404313
1341846663.554251 -0.021006824 -0.081828445 -0.034880511 0.162352920 -0.018243158 0.007923148 0.986532271
1341846663.586143 -0.032525353 -0.069896951 -0.036250528 0.155647978 -0.017568214 0.009599584 0.987609744
1341846663.622145 -0.035267871 -0.071058318 -0.035247490 0.148720801 -0.018960878 0.009125678 0.988655329
1341846663.654099 -0.030695703 -0.075775206 -0.037963204 0.142092422 -0.020285660 0.007999606 0.989613175
1341846663.686099 -0.030253381 -0.064912580 -0.037599325 0.133395925 -0.020553153 0.009631845 0.990802884
1341846663.722109 -0.029497232 -0.068992518 -0.032584924 0.124901511 -0.021020805 0.008189042 0.991912603
1341846663.755694 -0.029519973 -0.070188567 -0.036081377 0.120109960 -0.019645769 0.007229757 0.992539823
1341846663.786304 -0.020448463 -0.021385241 -0.040524423 0.113572381 -0.018662715 0.007579557 0.993325531
1341846663.822090 -0.034021914 -0.035343569 -0.031749673 0.092561834 -0.016647412 0.006309620 0.995547771
1341846663.854115 -0.025351139 -0.062946551 -0.029028904 0.082035892 -0.017367715 0.005132894 0.996464789
1341846663.890140 -0.018304756 -0.020275353 -0.042579383 0.078839377 -0.016201777 0.004474369 0.996745646
1341846663.921987 -0.030234475 -0.012218541 -0.043688241 0.058986157 -0.013230458 0.000514885 0.998171031
1341846663.954282 -0.031960387 -0.046694856 -0.031502053 0.037748076 -0.012327463 -0.001929463 0.999209404
1341846663.990370 -0.021533113 -0.048241474 -0.034286879 0.028949143 -0.011067110 -0.001475516 0.999518514
1341846664.022124 -0.026657818 -0.016045673 -0.034792740 0.019632358 -0.007966060 -0.000456941 0.999775410
1341846664.054171 -0.028363604 -0.034709901 -0.034182418 0.001653071 -0.006576717 -0.003254176 0.999971688
1341846664.090250 -0.033762746 -0.049322680 -0.035433475 -0.011793078 -0.004255550 -0.004848938 0.999909639
1341846664.122237 -0.036003452 -0.053640667 -0.031767379 -0.017821355 -0.003481657 -0.005030671 0.999822497
1341846664.158241 -0.035898086 -0.045079958 -0.033288069 -0.022218756 -0.004303715 -0.004745582 0.999732614
1341846664.190141 -0.024937766 -0.031849168 -0.030249480 -0.029683257 -0.005677799 -0.005210279 0.999529660
1341846664.222189 -0.033377420 -0.049418505 -0.032227647 -0.041220795 -0.002943693 -0.005957956 0.999127924
1341846664.258172 -0.032023031 -0.052431718 -0.030975800 -0.046006612 -0.003741982 -0.005766095 0.998917520
1341846664.290022 -0.023880171 -0.044695232 -0.032796454 -0.051066738 -0.003170191 -0.005669856 0.998674095
1341846664.322491 -0.032486554 -0.040732197 -0.031444967 -0.060313027 0.000317888 -0.007635635 0.998150229
1341846664.358302 -0.029847527 -0.039076347 -0.030737316 -0.068909615 -0.000511300 -0.006435556 0.997602046
1341846664.390101 -0.031664580 -0.050876558 -0.038536008 -0.075622126 0.000301944 -0.006024540 0.997118294
1341846664.426143 -0.029413341 -0.044327900 -0.033720776 -0.082337640 0.001213729 -0.006560667 0.996582150
1341846664.458304 -0.025925778 -0.041170992 -0.034378864 -0.090798408 0.001106200 -0.005950412 0.995850861
1341846664.490116 -0.023949113 -0.046974167 -0.036595128 -0.101454042 0.002667284 -0.007029450 0.994811773
1341846664.526173 -0.036220994 -0.039204616 -0.035542976 -0.108135916 0.005628732 -0.007912311 0.994088650
1341846664.558129 -0.043589324 -0.042808942 -0.033907432 -0.116598539 0.006500952 -0.007168564 0.993131936
1341846664.590129 -0.025994282 -0.055359326 -0.035983313 -0.126522228 0.005702091 -0.006566423 0.991925597
1341846664.626196 -0.035130769 -0.064676180 -0.028003588 -0.131076723 0.009408782 -0.005743474 0.991310894
1341846664.658276 -0.027874855 -0.067609183 -0.027293924 -0.128550306 0.007121572 -0.005275876 0.991663337
1341846664.694136 -0.022361053 -0.046503741 -0.028753344 -0.123751320 0.006894283 -0.006041480 0.992270887
1341846664.726667 -0.033207797 -0.047998518 -0.033373013 -0.127316296 0.012272946 -0.007199583 0.991760075
1341846664.758141 -0.044062093 -0.047961831 -0.027946731 -0.128622472 0.013980242 -0.006934538 0.991570830
1341846664.794104 -0.036376916 -0.047880176 -0.028593505 -0.129564136 0.010884402 -0.006978909 0.991486728
1341846664.826123 -0.030917162 -0.048997771 -0.030739015 -0.132206321 0.011513175 -0.006473958 0.991134167
1341846664.862093 -0.037997570 -0.049394637 -0.029604336 -0.133640125 0.011513398 -0.004654269 0.990952134
1341846664.894198 -0.036479853 -0.047151618 -0.032203525 -0.133834690 0.010792238 -0.003912435 0.990937173
1341846664.926270 -0.027914859 -0.041352037 -0.033396926 -0.134263784 0.012332849 -0.004164498 0.990860105
1341846664.962375 -0.038069636 -0.032981597 -0.032394979 -0.134484664 0.014369860 -0.003961788 0.990803540
1341846664.997077 -0.042113733 -0.033550117 -0.038349014 -0.136981517 0.015237109 -0.005103160 0.990443230
1341846665.026380 -0.033797454 -0.039067585 -0.035801280 -0.140833467 0.014893809 -0.005708133 0.989904761
1341846665.062417 -0.033115573 -0.048870530 -0.031098539 -0.143875912 0.014919108 -0.004659388 0.989472270
1341846665.094077 -0.026729543 -0.037581891 -0.039743628 -0.144294769 0.013127897 -0.005244464 0.989433765
1341846665.130160 -0.033823382 -0.037999537 -0.042636134 -0.149798244 0.017657466 -0.004682100 0.988547802
1341846665.162114 -0.045522947 -0.032630898 -0.037619866 -0.152436957 0.019098707 -0.003900807 0.988120914
1341846665.194100 -0.034940947 -0.036100358 -0.036399174 -0.155269086 0.015741348 -0.002736063 0.987742960
1341846665.230221 -0.041009717 -0.026768213 -0.043124396 -0.159308612 0.019474145 -0.002895661 0.987032473
1341846665.262005 -0.045553941 -0.034938376 -0.039803017 -0.171200216 0.021652957 -0.004206279 0.984989285
1341846665.300077 -0.041638721 -0.029281080 -0.043339603 -0.177488685 0.020819666 -0.004122840 0.983893931
1341846665.362294 -0.040546954 -0.036511835 -0.039610118 -0.188357636 0.025131254 -0.004950092 0.981766403
1341846665.398079 -0.031554703 -0.035554454 -0.045516875 -0.191218168 0.020620562 -0.004924892 0.981318533
1341846665.430162 -0.048356581 -0.076688245 -0.045292746 -0.209630698 0.025674002 -0.008984403 0.977402210
1341846665.462226 -0.043017246 -0.084212899 -0.040399622 -0.222013399 0.028864263 -0.007124256 0.974590242
1341846665.498226 -0.061085179 -0.081840277 -0.036945935 -0.226710320 0.029883726 -0.007667820 0.973473489
1341846665.530109 -0.031621918 -0.084257178 -0.034287497 -0.227963269 0.023956278 -0.007545581 0.973345757
1341846665.562222 -0.032294009 -0.083429866 -0.034504425 -0.228338152 0.025938138 -0.006169249 0.973216772
1341846665.598196 -0.040352337 -0.078477062 -0.038834643 -0.228993595 0.026235936 -0.005628662 0.973058045
1341846665.630107 -0.032578412 -0.064582109 -0.044409610 -0.229729369 0.025231609 -0.007514108 0.972898424
1341846665.666289 -0.034088466 -0.065265104 -0.046901774 -0.233925521 0.028249407 -0.007046998 0.971818507
1341846665.698060 -0.047587156 -0.063880995 -0.044546057 -0.236901894 0.029632598 -0.006997193 0.971056342
1341846665.730361 -0.035011575 -0.066242836 -0.050225452 -0.239753515 0.026635930 -0.007297830 0.970440924
1341846665.766193 -0.035951454 -0.057870608 -0.052241664 -0.242282376 0.028977022 -0.008238365 0.969738007
1341846665.798338 -0.032182891 -0.062580504 -0.055201508 -0.246323168 0.029094545 -0.007540577 0.968721628
1341846665.834237 -0.032384757 -0.055708975 -0.060564071 -0.248771742 0.029440910 -0.008181557 0.968079984
1341846665.866106 -0.039399013 -0.055284791 -0.069477409 -0.254270613 0.033133019 -0.007560682 0.966535807
1341846665.898073 -0.031860389 -0.049792808 -0.070664465 -0.260819107 0.034905158 -0.006962881 0.964731336
1341846665.934076 -0.040460270 -0.031708892 -0.077379480 -0.262054920 0.035755880 -0.005847879 0.964372635
1341846665.966137 -0.054514505 -0.047811162 -0.074276887 -0.269207120 0.038145807 -0.005199208 0.962312520
1341846665.998149 -0.039803229 -0.041629665 -0.072484344 -0.272299826 0.038827538 -0.004578227 0.961417854
1341846666.034210 -0.034684844 -0.053799316 -0.073892504 -0.274570286 0.037251044 -0.001793072 0.960843563
1341846666.072502 -0.034155693 -0.042138707 -0.075739332 -0.273899853 0.036320787 -0.002662309 0.961068451
1341846666.134147 -0.028017113 -0.008589706 -0.094342493 -0.275176793 0.037550468 -0.001643126 0.960658610
1341846666.166356 -0.033967827 -0.008391351 -0.096730255 -0.276415408 0.037510533 -0.001801191 0.960304260
1341846666.202327 -0.037921168 -0.010272634 -0.096629225 -0.279086739 0.040651239 -0.002518796 0.959401727
1341846666.234319 -0.028649323 -0.009894101 -0.097462818 -0.281741798 0.037308585 -0.001677544 0.958763182
1341846666.266322 -0.043982424 -0.022021417 -0.097939149 -0.288304895 0.037999205 -0.001699612 0.956782877
1341846666.302195 -0.054193284 -0.039650213 -0.095902801 -0.303229570 0.041794196 -0.002378609 0.951997578
1341846666.335080 -0.032791764 -0.011588148 -0.100920588 -0.308974504 0.038326055 -0.002755607 0.950293779
1341846666.370216 -0.037035085 -0.008593567 -0.098801553 -0.314588219 0.035696879 -0.000348601 0.948556721
1341846666.402019 -0.039857525 -0.026050527 -0.088962950 -0.325120449 0.037071545 0.001964682 0.944943666
1341846666.434088 -0.035756797 -0.007116677 -0.092616208 -0.326938957 0.037643552 0.003635921 0.944288433
1341846666.470060 -0.035478115 -0.008294096 -0.093585715 -0.328764170 0.035326492 0.008027838 0.943717003
1341846666.502190 -0.047259752 -0.040045645 -0.091643251 -0.340056837 0.038872302 0.011619003 0.939529300
1341846666.534121 -0.056372475 -0.020461911 -0.092177682 -0.348016679 0.043231923 0.012235950 0.936411083
1341846666.570131 -0.060195092 -0.035534002 -0.090308949 -0.357815862 0.043489244 0.013616153 0.932679534
1341846666.602180 -0.057939325 -0.018512854 -0.091519050 -0.361546040 0.042329576 0.015697444 0.931260586
1341846666.638072 -0.057795215 -0.007527783 -0.097712629 -0.365725160 0.043978211 0.016265120 0.929540992
1341846666.670134 -0.069419824 -0.004418072 -0.101440743 -0.368180066 0.044312164 0.016276494 0.928555310
1341846666.738266 -0.073117517 -0.002131059 -0.108448759 -0.371338934 0.042696990 0.017506437 0.927349925
1341846666.770390 -0.057093598 0.001189453 -0.102301285 -0.373697907 0.037870999 0.019685600 0.926567912
1341846666.802119 -0.058622815 0.003761766 -0.106221259 -0.374305546 0.035155088 0.022498837 0.926365614
1341846666.838108 -0.061014507 0.006473192 -0.108893849 -0.375502855 0.034707256 0.025060333 0.925832033
1341846666.870483 -0.066390932 0.061996914 -0.132893920 -0.367058367 0.035063006 0.024860667 0.929204345
1341846666.906019 -0.066972531 0.057621036 -0.136417344 -0.370595962 0.034453820 0.025472404 0.927805305
1341846666.937989 -0.064183988 0.066144399 -0.137695596 -0.372788757 0.031649359 0.025096426 0.927036703
1341846666.970036 -0.055116273 0.066653468 -0.139302030 -0.376203477 0.029756237 0.023832839 0.925752401
1341846667.006200 -0.066830240 0.065368906 -0.138841733 -0.378859073 0.031770185 0.021559520 0.924657583
1341846667.038153 -0.077250265 0.059989799 -0.146122247 -0.381639302 0.029797014 0.020800833 0.923596740
1341846667.074153 -0.042524870 0.081332192 -0.155698538 -0.383881837 0.022127138 0.019047847 0.922920525
1341846667.106156 -0.074905947 0.060957681 -0.145254970 -0.394506127 0.029464744 0.016536882 0.918271899
1341846667.138108 -0.074521348 0.049415413 -0.140488133 -0.396537036 0.025670610 0.016740656 0.917506993
1341846667.174105 -0.049640015 0.065109469 -0.144720122 -0.392145634 0.019954298 0.014702498 0.919569194
1341846667.206107 -0.066592678 0.052142333 -0.145456448 -0.392245054 0.026146587 0.009870020 0.919436097
1341846667.238075 -0.077106997 0.018929338 -0.138185516 -0.394312233 0.027252320 0.006719207 0.918547750
1341846667.274016 -0.114316836 -0.006185695 -0.140075162 -0.390955865 0.033357650 0.002423786 0.919801533
1341846667.306189 -0.097450092 -0.017054325 -0.132796958 -0.384121001 0.033049084 -0.001276865 0.922690153
1341846667.342253 -0.096289895 -0.025412945 -0.122069195 -0.372534722 0.029643686 -0.000129078 0.927544653
1341846667.374345 -0.073215745 0.044812482 -0.156194761 -0.350193560 0.023216210 -0.003293283 0.936383843
1341846667.406982 -0.065945484 0.032198142 -0.156571090 -0.346135318 0.024526557 -0.007807354 0.937831461
1341846667.442109 -0.116880000 -0.099665403 -0.108666033 -0.359861255 0.032819908 -0.007945890 0.932394564
1341846667.474109 -0.106268197 -0.093994886 -0.118316166 -0.345401257 0.028766481 -0.009837444 0.937962532
1341846667.506006 -0.109941401 -0.092197299 -0.116771333 -0.332980990 0.030484401 -0.012982550 0.942351222
1341846667.542298 -0.141491473 -0.124336340 -0.109001890 -0.324251592 0.033225689 -0.013455146 0.945291460
1341846667.574196 -0.117332652 -0.118290409 -0.119512632 -0.307809204 0.026794037 -0.012643358 0.950986683
1341846667.610099 -0.091831990 -0.142393351 -0.112125672 -0.302400798 0.024711026 -0.013496159 0.952764928
1341846667.642293 -0.122891724 -0.011795869 -0.159149006 -0.268526822 0.029258126 -0.016338721 0.962689102
1341846667.674072 -0.105069891 -0.007743591 -0.161921382 -0.264675051 0.026033847 -0.016085273 0.963851988
1341846667.710179 -0.128231168 0.010552052 -0.169491932 -0.260376185 0.033181816 -0.019426776 0.964741349
1341846667.742255 -0.128516078 -0.002810838 -0.162671283 -0.258229166 0.033667669 -0.018973975 0.965310395
1341846667.774114 -0.129830375 -0.015384147 -0.156218067 -0.253604621 0.032498755 -0.016485218 0.966621280
1341846667.810099 -0.135600269 0.000169412 -0.165308014 -0.246294722 0.037006333 -0.019003419 0.968301773
1341846667.842103 -0.109746501 0.000622066 -0.158547312 -0.241496205 0.034242563 -0.020385034 0.969583154
1341846667.878139 -0.095175430 0.000832807 -0.161881059 -0.231801674 0.030510066 -0.017769687 0.972122073
1341846667.910558 -0.145326838 -0.004601655 -0.160080492 -0.227686301 0.042819683 -0.021162031 0.972562373
1341846667.942116 -0.145824984 -0.015198017 -0.146719009 -0.225422680 0.045947120 -0.022605753 0.972914398
1341846667.978287 -0.150100186 -0.024416370 -0.142524511 -0.219569206 0.045871552 -0.020356860 0.974305272
1341846668.010215 -0.137997180 -0.021194031 -0.143866241 -0.210698128 0.047289435 -0.021065924 0.976179421
1341846668.046247 -0.147791266 -0.018101219 -0.143362850 -0.201533690 0.051678106 -0.023017325 0.977846503
1341846668.078111 -0.154651761 -0.013359293 -0.142864451 -0.191595867 0.052795589 -0.020544061 0.979837537
1341846668.110130 -0.157793149 -0.009282680 -0.145901009 -0.183146656 0.056440413 -0.022107083 0.981215119
1341846668.146332 -0.185430080 -0.040125240 -0.132894963 -0.182446450 0.063485086 -0.023313088 0.980887055
1341846668.178208 -0.128409982 -0.029950511 -0.136975929 -0.168192759 0.051426519 -0.017705441 0.984252512
1341846668.211262 -0.105211280 -0.026507001 -0.128154501 -0.156480566 0.047717065 -0.019315187 0.986338615
1341846668.246163 -0.059872020 -0.016110046 -0.125640020 -0.141297147 0.041420482 -0.017171584 0.988951266
1341846668.278397 -0.158620045 -0.040993422 -0.125786275 -0.133208096 0.055667896 -0.014135263 0.989422500
1341846668.314248 -0.138362184 -0.038923025 -0.123913698 -0.123412177 0.052293289 -0.015915288 0.990848899
1341846668.346231 -0.159252554 -0.041135732 -0.128075838 -0.116930626 0.057936892 -0.014098384 0.991348445
1341846668.378099 -0.149463519 -0.025555007 -0.131295368 -0.108114675 0.054422345 -0.011169975 0.992584825
1341846668.414247 -0.143928230 -0.032235224 -0.129312247 -0.103360273 0.053941049 -0.012444282 0.993102252
1341846668.445965 -0.148259372 -0.034438387 -0.125240952 -0.095471777 0.055288427 -0.010148982 0.993843734
1341846668.478153 -0.193787664 -0.100768514 -0.107847057 -0.087338515 0.060006991 -0.005002241 0.994357109
1341846668.514213 -0.188375235 -0.036332052 -0.107726611 -0.061794873 0.059624437 -0.010037187 0.996255815
1341846668.546115 -0.183668137 -0.033906754 -0.122195959 -0.055030502 0.058544125 -0.009711016 0.996719599
1341846668.582467 -0.170592710 -0.041635890 -0.115297467 -0.049392674 0.055628266 -0.010492881 0.997173905
1341846668.614140 -0.186014637 -0.062923834 -0.115164019 -0.039295971 0.058944054 -0.014198634 0.997386515
1341846668.646312 -0.174453944 -0.036631405 -0.119624205 -0.022218080 0.056035686 -0.012810361 0.998099327
1341846668.682455 -0.157065064 -0.021749292 -0.127404407 -0.012985967 0.050069947 -0.014110327 0.998561621
1341846668.714133 -0.158535361 -0.032398701 -0.129961371 -0.001794019 0.047086369 -0.014378607 0.998785675
1341846668.746132 -0.153774217 -0.012646584 -0.131236747 0.009901728 0.044503730 -0.015617239 0.998838067
1341846668.782338 -0.153384894 -0.007498541 -0.141272768 0.008813456 0.043750253 -0.017963784 0.998842120
1341846668.814140 -0.151664659 -0.016618988 -0.133781284 0.006051197 0.044047620 -0.017533617 0.998857200
1341846668.850214 -0.155490547 -0.008668109 -0.137577444 0.007040361 0.043471538 -0.017859785 0.998870194
1341846668.882442 -0.154796138 -0.007349657 -0.142262802 0.004504346 0.041989967 -0.018755171 0.998931825
1341846668.914289 -0.157778531 -0.015826814 -0.137782782 0.002461262 0.041169953 -0.022049207 0.998905778
1341846668.950088 -0.162371889 -0.011673124 -0.134232819 0.004487303 0.038078640 -0.024506247 0.998964131
1341846668.982227 -0.154476047 0.011635447 -0.144031957 0.003606405 0.034258913 -0.028009646 0.999013901
1341846669.014062 -0.152578637 0.002383213 -0.147163808 -0.005953229 0.032320481 -0.034622479 0.998859942
1341846669.050056 -0.161100745 0.001999775 -0.139948383 -0.009978741 0.029348172 -0.038940400 0.998760581
1341846669.082525 -0.150585309 0.014702067 -0.145192936 -0.013026341 0.024260262 -0.044380117 0.998635113
1341846669.118346 -0.155297950 0.014359694 -0.147132769 -0.023147181 0.023834636 -0.055285420 0.997917593
1341846669.150086 -0.163218647 0.000968579 -0.143570885 -0.030584319 0.021480950 -0.062392060 0.997351646
1341846669.182477 -0.152439550 0.004604089 -0.147032827 -0.031388152 0.016108269 -0.068405271 0.997033596
1341846669.218046 -0.150071397 -0.014359324 -0.141419485 -0.043115027 0.015497833 -0.079810329 0.995756626
1341846669.250205 -0.152798936 -0.021793779 -0.133606687 -0.048662297 0.013190202 -0.084203184 0.995172262
1341846669.286114 -0.142283753 -0.024603216 -0.133615121 -0.049888439 0.009814719 -0.088542774 0.994773805
1341846669.318030 -0.133511662 -0.018119335 -0.136454642 -0.050712030 0.009842442 -0.093852922 0.994244933
1341846669.350255 -0.151498094 -0.019148856 -0.136118740 -0.052636866 0.009646595 -0.099908464 0.993556559
1341846669.418200 -0.147128314 -0.012064770 -0.140448570 -0.060966045 0.006179547 -0.120800927 0.990783572
1341846669.450219 -0.135704368 -0.021904832 -0.136440024 -0.066068046 0.001546356 -0.131471351 0.989114702
1341846669.486175 -0.144178972 -0.011579821 -0.144679189 -0.068028308 0.000904685 -0.140413463 0.987752736
1341846669.518033 -0.137223870 -0.009182097 -0.142592207 -0.074492618 0.001554564 -0.152813688 0.985442221
1341846669.554159 -0.146369055 -0.012207353 -0.133147284 -0.080653839 0.003717322 -0.162987471 0.983318985
1341846669.586348 -0.142724261 -0.001820839 -0.141683459 -0.083432823 0.002259236 -0.171394065 0.981660843
1341846669.617976 -0.127210617 0.032683093 -0.163314849 -0.084101193 0.003893157 -0.180029616 0.980051637
1341846669.654096 -0.143444285 0.027657634 -0.145322025 -0.089314595 0.009920225 -0.188467845 0.977959275
1341846669.686069 -0.142756790 0.028151575 -0.143676490 -0.089105055 0.010881162 -0.194064572 0.976872981
1341846669.718075 -0.122135386 0.031792324 -0.163345084 -0.091003619 0.009033477 -0.200633809 0.975388587
1341846669.754171 -0.126926035 0.031740680 -0.167343438 -0.097621858 0.013039205 -0.210384175 0.972645104
1341846669.786139 -0.128990054 0.032438826 -0.151278168 -0.102066748 0.015508402 -0.218961239 0.970256567
1341846669.822151 -0.130505860 0.029655168 -0.153919384 -0.105080515 0.016518604 -0.226039141 0.968293130
1341846669.854118 -0.124346025 0.032756642 -0.166519135 -0.109932728 0.017373502 -0.234135509 0.965812385
1341846669.886219 -0.124315329 0.042274408 -0.154931068 -0.113920972 0.020009456 -0.244191900 0.962804198
1341846669.922050 -0.133912936 0.041524820 -0.150145367 -0.116679192 0.022982320 -0.251449704 0.960536718
1341846669.954047 -0.118399955 0.043489259 -0.171615809 -0.120068341 0.021935347 -0.259512216 0.957995713
1341846669.986285 -0.116054885 0.044461157 -0.161960185 -0.127090335 0.025414299 -0.268375069 0.954555929
1341846670.022242 -0.115510367 0.034455597 -0.155603454 -0.131974205 0.028129149 -0.277957708 0.951068342
1341846670.054135 -0.120292626 0.047383215 -0.169095799 -0.132890657 0.032135226 -0.285305202 0.948634982
1341846670.090228 -0.112652361 0.041855823 -0.172205970 -0.138341710 0.033637431 -0.294790894 0.944895983
1341846670.121996 -0.120815314 0.039205514 -0.170745730 -0.142847568 0.039748348 -0.307039320 0.940075219
1341846670.154057 -0.110875987 0.046097178 -0.169214636 -0.145576254 0.043107230 -0.315790445 0.936603248
1341846670.190103 -0.114706874 0.048287883 -0.164607614 -0.149304315 0.046595976 -0.325025678 0.932681739
1341846670.222197 -0.119760916 0.042435959 -0.174337581 -0.152077019 0.051128577 -0.336891592 0.927772880
1341846670.258571 -0.102430701 0.039896466 -0.184953451 -0.152567595 0.053432181 -0.343851447 0.925005019
1341846670.290254 -0.103477851 0.041571155 -0.179385841 -0.153885514 0.055993624 -0.350366980 0.922185957
1341846670.358377 -0.135161340 0.036588367 -0.172472522 -0.154485792 0.074352875 -0.368068427 0.913855255
1341846670.390114 -0.079857275 0.022023518 -0.183925152 -0.151298583 0.071078658 -0.374279588 0.912124634
1341846670.422206 -0.050887424 0.039861731 -0.167678446 -0.142733663 0.074760348 -0.380948812 0.910448253
1341846670.464003 -0.032129113 0.034182195 -0.184992388 -0.135701582 0.079824463 -0.391179472 0.906747878
1341846670.526271 -0.125581399 0.026362419 -0.183633342 -0.135998547 0.109535962 -0.407178313 0.896499872
1341846670.566977 -0.094588041 0.027088385 -0.200262591 -0.131105736 0.108835325 -0.412187904 0.895023644
1341846670.596103 -0.088565089 0.024192862 -0.204037130 -0.128335893 0.110248163 -0.416785479 0.893121004
1341846670.628412 -0.105137825 0.023296127 -0.196121767 -0.126843840 0.116046414 -0.421511382 0.890377462
1341846670.664027 -0.259687096 0.030125638 -0.132762760 -0.133787200 0.144736513 -0.430221438 0.880943716
1341846670.696002 -0.231167987 0.025108412 -0.140207469 -0.125784352 0.145045072 -0.433383793 0.880521834
1341846670.728093 -0.201802865 0.020833608 -0.147349238 -0.117654003 0.144479841 -0.438776344 0.879066825
1341846670.764128 -0.202360734 0.019540031 -0.164292261 -0.113531031 0.150839075 -0.447392136 0.874184489
1341846670.796059 -0.190616697 0.010969081 -0.168139234 -0.107994996 0.155069619 -0.451285124 0.872142315
1341846670.832246 -0.183357254 0.024503805 -0.167096674 -0.096957222 0.158509016 -0.451515526 0.872701526
1341846670.863970 -0.164704099 0.020535441 -0.174795136 -0.092039421 0.156817257 -0.449798048 0.874424815
1341846670.896139 -0.149560645 0.003685912 -0.188518196 -0.086503007 0.159849644 -0.449329376 0.874681890
1341846670.932028 -0.137078807 0.011804166 -0.179925367 -0.073130757 0.164571732 -0.444598138 0.877439797
1341846670.964063 -0.113192037 0.012942141 -0.184011757 -0.060758375 0.160238773 -0.437643975 0.882666230
1341846671.000270 -0.129648462 -0.006103277 -0.202139601 -0.057702120 0.162601158 -0.440720916 0.880906582
1341846671.032112 -0.123294786 -0.009747775 -0.199360192 -0.049854334 0.168187752 -0.444614738 0.878376424
1341846671.064030 -0.112742826 -0.000679372 -0.192751825 -0.039260183 0.170745119 -0.447023600 0.877197027
1341846671.101398 -0.104520053 0.000983488 -0.197913557 -0.031108707 0.170202017 -0.452541530 0.874796927
1341846671.132289 -0.102075666 -0.001094475 -0.198174998 -0.020665383 0.171878353 -0.459995270 0.870881796
1341846671.168159 -0.103489228 -0.004454147 -0.196881160 -0.009360284 0.169693813 -0.461798102 0.870550931
1341846671.200149 -0.093658894 -0.003523395 -0.202369094 0.002776295 0.163902357 -0.464716613 0.870153308
1341846671.232280 -0.085606508 -0.020146152 -0.222251818 0.010873982 0.160226658 -0.471070796 0.867353141
1341846671.268147 -0.082020983 -0.008776184 -0.229290739 0.023204410 0.163086280 -0.473027498 0.865511060
1341846671.300337 -0.158186093 -0.031058859 -0.179640651 0.023985652 0.167384043 -0.475088328 0.863538265
1341846671.336125 -0.148299649 -0.033598632 -0.191802427 0.029798511 0.163223952 -0.478977621 0.862003744
1341846671.368236 -0.142577708 -0.036362980 -0.189778298 0.036522154 0.163386524 -0.482884437 0.859531045
1341846671.400327 -0.129809126 -0.033232972 -0.192379519 0.043371450 0.157629952 -0.483525246 0.859927356
1341846671.436064 -0.121719107 -0.031058971 -0.203313857 0.048250981 0.153509349 -0.489499301 0.857028067
1341846671.468197 -0.110886008 -0.027282273 -0.204644740 0.054624110 0.151727766 -0.494056344 0.854343712
1341846671.504294 -0.102288134 -0.025798969 -0.192296088 0.058743618 0.145393059 -0.498154640 0.852790713
1341846671.536197 -0.093758896 -0.022424160 -0.201028183 0.063879363 0.136682257 -0.507711411 0.848213732
1341846671.568120 -0.082512453 -0.016817691 -0.209197104 0.072947770 0.132145524 -0.514588535 0.844046652
1341846671.604188 -0.084335476 -0.020396961 -0.210064575 0.076909214 0.126573816 -0.520067513 0.841185987
1341846671.636057 -0.071901426 -0.016202731 -0.208568200 0.086300276 0.115747757 -0.525865555 0.838224351
1341846671.672157 -0.061605871 -0.010543723 -0.219214022 0.096934795 0.107072085 -0.530159056 0.835506201
1341846671.704027 -0.062634364 -0.011010418 -0.226138011 0.099283651 0.102973364 -0.532610834 0.834185183
1341846671.736479 -0.061365932 -0.007530546 -0.231683820 0.099214084 0.099729888 -0.538614094 0.830725849
1341846671.774745 -0.069254011 -0.010790230 -0.219770938 0.099714711 0.096754625 -0.545194447 0.826715469
1341846671.804605 -0.063093081 -0.007000385 -0.226744011 0.102679737 0.090925857 -0.547526360 0.825472116
1341846671.840252 -0.160308272 -0.040241398 -0.208200321 0.091257647 0.095655225 -0.555026948 0.821259558
1341846671.872106 -0.152729630 -0.032257009 -0.204111710 0.094547220 0.093271539 -0.559897900 0.817848146
1341846671.904035 -0.147101969 -0.027680285 -0.205256358 0.095614411 0.090204015 -0.561931014 0.816672921
1341846671.972239 -0.149148598 -0.032540116 -0.200033769 0.093362294 0.088397570 -0.573861957 0.808796525
1341846672.034218 -0.154385164 -0.039811056 -0.214883089 0.090519398 0.083485134 -0.584064364 0.802312493
1341846672.066227 -0.149581954 -0.037239335 -0.212429106 0.090971626 0.083460405 -0.590457559 0.797570288
1341846672.098024 -0.147723168 -0.041102607 -0.209351942 0.090340197 0.079931073 -0.594073236 0.795315444
1341846672.134061 -0.154909685 -0.041995689 -0.217462257 0.089267589 0.077995233 -0.599527657 0.791526735
1341846672.166000 -0.155452743 -0.052388731 -0.222446412 0.087085083 0.077472515 -0.604868472 0.787748873
1341846672.198405 -0.152524218 -0.051529214 -0.220448256 0.087719560 0.076652929 -0.607903063 0.785419285
1341846672.234130 -0.159599602 -0.052190468 -0.221590236 0.088258460 0.074813977 -0.611932039 0.782401741
1341846672.266403 -0.159348190 -0.050293706 -0.223691240 0.091128044 0.073790751 -0.614136040 0.780440569
1341846672.302710 -0.152172595 -0.046680484 -0.223456219 0.091447383 0.072281703 -0.615049005 0.779825270
1341846672.335022 -0.154019490 -0.047794793 -0.224553525 0.089187756 0.070718415 -0.617796838 0.778056264
1341846672.366487 -0.163560703 -0.048332237 -0.222448587 0.088742703 0.072360672 -0.619926035 0.776260555
1341846672.402478 -0.158501893 -0.046348508 -0.225709930 0.090537906 0.072139442 -0.619189560 0.776661515
1341846672.434330 -0.152667016 -0.045016266 -0.223060459 0.090838984 0.071484759 -0.618445873 0.777279198
1341846672.472323 -0.152532548 -0.042506870 -0.217117772 0.091583990 0.071651690 -0.618003845 0.777527988
1341846672.534812 -0.149630100 -0.044324510 -0.223623469 0.091158941 0.068410419 -0.615539074 0.779821575
1341846672.570153 -0.148350045 -0.043103516 -0.223657891 0.088465787 0.067375995 -0.615619183 0.780158520
1341846672.608881 -0.146767065 -0.039662439 -0.219513297 0.089527413 0.065495744 -0.614027441 0.781450868
1341846672.640836 -0.138712242 -0.036349386 -0.226072729 0.089167736 0.062585704 -0.610085964 0.784810305
1341846672.708152 -0.146283269 -0.035534356 -0.217775598 0.088082246 0.060473964 -0.598919511 0.793649673
1341846672.770288 -0.144427553 -0.039487176 -0.217904046 0.089630984 0.053749122 -0.577629089 0.809581339
1341846672.803280 -0.143421546 -0.039511453 -0.213981315 0.091657467 0.050668947 -0.567961454 0.816364765
1341846672.838034 -0.145866275 -0.034951352 -0.215533853 0.092901930 0.047813766 -0.558333158 0.823011041
1341846672.870092 -0.143845379 -0.036047779 -0.214484423 0.093330063 0.043307401 -0.550426066 0.828519881
1341846672.902275 -0.148289219 -0.032553591 -0.213757917 0.093272418 0.041183870 -0.544141293 0.832775116
1341846672.938315 -0.150074169 -0.028465701 -0.219114929 0.092896320 0.037761100 -0.535456002 0.838588893
1341846672.970326 -0.148892343 -0.025905879 -0.209601372 0.091451779 0.034120202 -0.526643276 0.844463885
1341846673.008221 -0.141736835 -0.020037532 -0.207823277 0.090810888 0.030808149 -0.517492414 0.850297511
1341846673.070235 -0.152125016 -0.024288390 -0.207441002 0.083326958 0.028289681 -0.496857375 0.863359153
1341846673.106189 -0.151572913 -0.026004044 -0.208864525 0.084382981 0.024747860 -0.483489573 0.870921850
1341846673.138104 -0.145609424 -0.026042800 -0.203390792 0.086029083 0.019663464 -0.469712704 0.878397584
1341846673.170298 -0.145169079 -0.027057882 -0.205435425 0.086079963 0.016594026 -0.460357040 0.883394718
1341846673.206489 -0.148362592 -0.029695520 -0.200651914 0.087474599 0.013458778 -0.450328082 0.888465941
1341846673.238153 -0.155886933 -0.028674869 -0.200029850 0.088790178 0.009915191 -0.440691888 0.893201351
1341846673.274220 -0.148518622 -0.031673923 -0.203161851 0.090766989 0.005907624 -0.432587385 0.896991968
1341846673.306107 -0.153411761 -0.024913101 -0.197580367 0.094774768 0.004373020 -0.424836636 0.900284648
1341846673.338187 -0.144640177 -0.029793173 -0.199784085 0.097187296 -0.001189413 -0.413334072 0.905377328
1341846673.374098 -0.148103297 -0.034488950 -0.201422974 0.099045001 -0.003315999 -0.403519273 0.909588516
1341846673.406266 -0.146113455 -0.032576762 -0.195527717 0.102630049 -0.005304877 -0.391689926 0.914340198
1341846673.438267 -0.149719745 -0.035085458 -0.194287851 0.105372854 -0.009556422 -0.377950907 0.919759929
1341846673.474135 -0.147193417 -0.035493296 -0.193110913 0.109338015 -0.012638002 -0.364588648 0.924640834
1341846673.506260 -0.148450628 -0.032874994 -0.194724008 0.112492755 -0.015544180 -0.350083023 0.929809451
1341846673.542168 -0.145101577 -0.032641802 -0.198685125 0.112554163 -0.020859508 -0.338987678 0.933800697
1341846673.574072 -0.147986248 -0.030632649 -0.198663086 0.111925662 -0.024092136 -0.327698827 0.937819600
1341846673.606102 -0.167308226 -0.026222104 -0.201517418 0.111189321 -0.025608119 -0.317982048 0.941205919
1341846673.648026 -0.150082707 -0.017642766 -0.204298183 0.110651866 -0.033746045 -0.305360079 0.945183873
1341846673.710162 -0.158446997 -0.016508507 -0.203607589 0.100745365 -0.043347202 -0.281384408 0.953306973
1341846673.742225 -0.164105043 -0.011398364 -0.202154189 0.097211897 -0.048958957 -0.266423732 0.957690597
1341846673.774298 -0.165157825 -0.011637736 -0.193892553 0.094122864 -0.055542529 -0.252223343 0.961477637
1341846673.810154 -0.156045333 -0.012472328 -0.219810322 0.091656402 -0.061428774 -0.237539724 0.965090871
1341846673.842305 -0.159113839 -0.002242915 -0.215664878 0.089795455 -0.067231111 -0.223258495 0.968283236
1341846673.874285 -0.147948682 0.002114492 -0.216546521 0.086738162 -0.072643675 -0.213226646 0.970429659
1341846673.910253 -0.149956122 0.007437637 -0.213552862 0.081622049 -0.075279072 -0.200210214 0.973440707
1341846673.942284 -0.156606242 -0.001224066 -0.209956422 0.077463843 -0.078563154 -0.190578595 0.975452185
1341846673.978434 -0.154506415 -0.005905292 -0.200725198 0.076411121 -0.079733036 -0.182002500 0.977076769
1341846674.016486 -0.152189955 -0.004514092 -0.197762787 0.078023687 -0.079702958 -0.171659559 0.978822112
1341846674.052060 -0.150034457 -0.004959388 -0.203439936 0.077815413 -0.080554247 -0.161597118 0.980480552
1341846674.084057 -0.146728888 -0.001170419 -0.198446959 0.078913637 -0.080792800 -0.153625712 0.981653869
1341846674.152235 -0.156182289 -0.002445940 -0.205794036 0.070190534 -0.078592025 -0.138670102 0.984716773
1341846674.210322 -0.139881551 0.010197240 -0.185546204 0.065457642 -0.078997932 -0.121209130 0.987311006
1341846674.246217 -0.156726062 0.007398532 -0.185217574 0.060225539 -0.077226698 -0.114988968 0.988527417
1341846674.278035 -0.158295289 0.000415182 -0.183825597 0.059944313 -0.078929566 -0.105628133 0.989454150
1341846674.310117 -0.155148208 0.012396688 -0.194559842 0.060810462 -0.079806380 -0.096469313 0.990265965
1341846674.346212 -0.151940584 0.011598096 -0.195354775 0.057873566 -0.079957649 -0.088551387 0.991169035
1341846674.378058 -0.155435264 0.000563487 -0.208212242 0.057156671 -0.078446113 -0.078765973 0.992156863
1341846674.410162 -0.160977051 0.013005659 -0.218237847 0.058358435 -0.077579163 -0.070556253 0.992772639
1341846674.446125 -0.149783656 0.015459477 -0.195172638 0.056062445 -0.079025641 -0.064535379 0.993200481
1341846674.478198 -0.151345581 0.009404670 -0.182831362 0.055922389 -0.078329027 -0.057464402 0.993697703
1341846674.514124 -0.154663473 0.012514221 -0.202770784 0.055462945 -0.077392288 -0.053615760 0.994011879
1341846674.546062 -0.155569524 0.013550390 -0.196406350 0.054718010 -0.078326643 -0.049065851 0.994214952
1341846674.578094 -0.150689796 0.010357484 -0.206296146 0.054362454 -0.077979207 -0.045276050 0.994441569
1341846674.614179 -0.152233526 0.021137355 -0.188161403 0.054303758 -0.076415315 -0.040059082 0.994790018
1341846674.682209 -0.152248889 0.009578731 -0.183497623 0.054672759 -0.078074500 -0.024478581 0.995146275
1341846674.714186 -0.155516446 0.023284074 -0.179252237 0.057372577 -0.076925047 -0.015672633 0.995261490
1341846674.752271 -0.153861076 0.019323349 -0.173296809 0.056455024 -0.077781603 -0.005581738 0.995355129
1341846674.814222 -0.152875856 0.019011779 -0.183198363 0.055179026 -0.076168157 0.008974778 0.995526552
1341846674.846370 -0.150246292 0.023058165 -0.189042792 0.055737969 -0.075951293 0.017568717 0.995397389
1341846674.882158 -0.154247433 0.025738064 -0.192934588 0.055424333 -0.075184315 0.023939135 0.995340347
1341846674.914224 -0.160015255 0.037213728 -0.195904881 0.054687455 -0.074227192 0.027692601 0.995355606
1341846674.950305 -0.151514083 0.024492661 -0.196821347 0.050119679 -0.075156897 0.034483310 0.995314181
1341846674.982342 -0.157015324 0.037026685 -0.213202670 0.048016611 -0.075934000 0.038011424 0.995230377
1341846675.014137 -0.171737283 0.066228680 -0.214587063 0.042596191 -0.076592445 0.037678067 0.995439351
1341846675.050230 -0.161335766 0.049707949 -0.206796288 0.031208277 -0.078898445 0.043488037 0.995444596
1341846675.088201 -0.156965271 0.050797869 -0.192746654 0.025888192 -0.079538330 0.046636507 0.995403647
1341846675.150188 -0.157747418 0.097663574 -0.172758088 0.007626619 -0.078137428 0.050427940 0.995637178
1341846675.182290 -0.152421445 0.056713954 -0.175031707 -0.013194361 -0.075762458 0.050226271 0.995772719
1341846675.218759 -0.155187532 0.053218715 -0.184395760 -0.021004394 -0.074276686 0.054491643 0.995526254
1341846675.251951 -0.157785103 0.045631956 -0.186086416 -0.028762789 -0.073891588 0.055274613 0.995317757
1341846675.282406 -0.155322224 0.046287678 -0.181123421 -0.031391948 -0.072913140 0.057554439 0.995181203
1341846675.318078 -0.160059988 0.046303790 -0.193155080 -0.035583049 -0.068663180 0.060206618 0.995185614
1341846675.350149 -0.155229121 0.069012754 -0.186187506 -0.040821973 -0.067180157 0.061482277 0.995007694
1341846675.382271 -0.163712040 0.068219721 -0.167451426 -0.050846636 -0.063535251 0.059449721 0.994908869
1341846675.450238 -0.174459666 0.042392854 -0.143803641 -0.060611192 -0.053003386 0.070586711 0.994250715
1341846675.486165 -0.156464651 0.036287855 -0.136758655 -0.052701272 -0.053821150 0.080565222 0.993898928
1341846675.518083 -0.159039631 0.045758445 -0.135372147 -0.041757263 -0.052269973 0.088557795 0.993821740
1341846675.550092 -0.171338648 0.046235450 -0.137302160 -0.034610368 -0.050504357 0.096356392 0.993462026
1341846675.586070 -0.165950820 0.048699666 -0.135226592 -0.030779891 -0.049957331 0.099858224 0.993269980
1341846675.618075 -0.169540018 0.045885500 -0.135602698 -0.025872175 -0.046545476 0.102912009 0.993263960
1341846675.650024 -0.172600478 0.047958288 -0.136346191 -0.019919908 -0.045735329 0.105144754 0.993204951
1341846675.686118 -0.169917479 0.048742857 -0.129736289 -0.016069362 -0.047346950 0.104796201 0.993236005
1341846675.718055 -0.166847333 0.041610394 -0.130837366 -0.012223435 -0.044672914 0.102637708 0.993639946
1341846675.754170 -0.171400040 0.042847637 -0.124757178 -0.005103538 -0.042502306 0.100420535 0.994023740
1341846675.786330 -0.173829719 0.049487934 -0.127515942 -0.000344177 -0.041133452 0.099841975 0.994152665
1341846675.818106 -0.166400999 0.047253139 -0.128636599 0.002881939 -0.037760183 0.096967794 0.994566798
1341846675.854095 -0.167566538 0.049739681 -0.125905111 0.007468014 -0.035627961 0.095922716 0.994722962
1341846675.886163 -0.170867920 0.055485997 -0.130978778 0.014893373 -0.036523230 0.097026818 0.994499922
1341846675.922346 -0.164428443 0.059235428 -0.136266574 0.025360927 -0.036160409 0.097444892 0.994260371
1341846675.961651 -0.160813451 0.041332960 -0.138336152 0.030932337 -0.035612743 0.095832728 0.994279146
1341846676.028080 -0.136512339 0.036077909 -0.144266009 0.052157257 -0.040907234 0.095334664 0.993235886
1341846676.122163 -0.132499322 0.065323196 -0.180158779 0.061918408 -0.045367610 0.085167557 0.993405461
1341846676.154447 -0.116911389 0.051162515 -0.177269056 0.057479858 -0.046565380 0.085008875 0.993630350
1341846676.190230 -0.113826379 0.058147773 -0.182874918 0.058661222 -0.048647847 0.084921576 0.993468940
1341846676.222476 -0.095586471 0.075704508 -0.206488147 0.054735925 -0.049474735 0.083129719 0.993803620
1341846676.257017 -0.090082005 0.073296599 -0.197933093 0.047779467 -0.047392115 0.081887320 0.994366944
1341846676.290401 -0.076537855 0.068270065 -0.196662441 0.044960540 -0.048360065 0.082429364 0.994406998
1341846676.322689 -0.050559897 0.080968656 -0.217232019 0.043088663 -0.048568714 0.081966393 0.994517922
1341846676.360815 -0.043330278 0.107431740 -0.244101599 0.035595480 -0.044195894 0.081446797 0.995060861
1341846676.390851 -0.047132447 0.068239011 -0.210723415 0.021730009 -0.039651167 0.076829195 0.996018529
1341846676.424250 -0.042611260 0.069505401 -0.218884304 0.024399478 -0.036533069 0.077428512 0.996029556
1341846676.459033 -0.017973714 0.088646762 -0.237407386 0.023793755 -0.034810081 0.080133997 0.995891869
1341846676.490669 -0.002553078 0.083592489 -0.221016765 0.018790456 -0.032473940 0.081864633 0.995936990
1341846676.532743 0.024761720 0.088593423 -0.222026289 0.018586971 -0.031681169 0.082481593 0.995915473
1341846676.564052 0.003137432 0.090615064 -0.240223840 0.016828541 -0.023799041 0.083872266 0.996050119
1341846676.596566 0.045432698 0.096549720 -0.219547212 0.013335269 -0.027576797 0.083842337 0.996008098
1341846676.632057 0.025525292 0.089803532 -0.240800992 0.011579407 -0.020860752 0.080764167 0.996447623
1341846676.690079 0.022598006 0.085815765 -0.245245263 0.010597114 -0.014990352 0.077030830 0.996859670
1341846676.726102 0.039247572 0.085097343 -0.247518376 0.010835603 -0.013328740 0.074427679 0.997078478
1341846676.758419 0.033798769 0.082497396 -0.239229187 0.013298254 -0.008366337 0.073078834 0.997202396
1341846676.790227 0.043475609 0.078499325 -0.250157297 0.013791484 -0.008229446 0.074620411 0.997082710
1341846676.826179 0.048330389 0.088364802 -0.257868886 0.015509483 -0.004123162 0.071715556 0.997296035
1341846676.858331 0.041719086 0.085939340 -0.252485037 0.016755741 0.000661039 0.072699137 0.997212946
1341846676.894086 0.037909012 0.090997867 -0.255112231 0.017644795 0.000189815 0.074610271 0.997056603
1341846676.926062 0.050228588 0.094609946 -0.254840553 0.017538186 -0.000295879 0.073346235 0.997152269
1341846676.958080 0.054187533 0.090604708 -0.250463009 0.016995933 0.001131330 0.073762536 0.997130394
1341846676.994140 0.055720475 0.089121431 -0.255054802 0.018152991 -0.000596434 0.074879229 0.997027218
1341846677.026242 0.066089533 0.096732758 -0.255340725 0.019401308 -0.002543561 0.074363217 0.997039258
1341846677.094244 0.073201776 0.088017464 -0.257685155 0.015910055 -0.004232015 0.074444897 0.997089207
1341846677.126108 0.069864921 0.086688906 -0.255484015 0.017693046 -0.004591960 0.075050287 0.997012198
1341846677.162066 0.078236826 0.083509311 -0.259068131 0.019283293 -0.005148348 0.074764736 0.997001410
1341846677.194068 0.078577965 0.094629019 -0.259694397 0.019705692 -0.006352528 0.075140104 0.996958017
1341846677.226206 0.090406202 0.083978973 -0.261629641 0.017769936 -0.006933591 0.074686922 0.997024596
1341846677.262033 0.095317550 0.079252735 -0.253065139 0.019961936 -0.004953638 0.075464085 0.996936381
1341846677.294125 0.094520070 0.086344801 -0.263229430 0.021794831 -0.006159182 0.076093517 0.996843457
1341846677.326503 0.103543006 0.088214695 -0.261967033 0.020404754 -0.006647756 0.075124040 0.996943235
1341846677.362194 0.105221093 0.083646536 -0.255404234 0.020257680 -0.003829997 0.075186029 0.996956348
1341846677.394280 0.101391882 0.086391814 -0.256356716 0.022222342 -0.003356666 0.075226046 0.996913195
1341846677.430058 0.112712622 0.085058294 -0.261577815 0.021807017 -0.003261107 0.074942626 0.996944010
1341846677.468326 0.117276594 0.079216465 -0.257963181 0.022246597 -0.000672053 0.074520268 0.996971071
1341846677.530161 0.123026319 0.082708098 -0.262611151 0.027124502 0.001345461 0.073368497 0.996935070
1341846677.562051 0.122601517 0.080849536 -0.260170430 0.027866079 0.004535493 0.072484329 0.996969879
1341846677.594105 0.122190982 0.080671996 -0.260549843 0.028321177 0.005408873 0.071948223 0.996991515
1341846677.630227 0.121117607 0.075275302 -0.261848688 0.028093118 0.006692573 0.070841886 0.997069418
1341846677.662033 0.126416743 0.078853182 -0.259761631 0.029271457 0.007338946 0.071399696 0.996991217
1341846677.730320 0.124662943 0.080565095 -0.262761980 0.028986368 0.007701811 0.070100278 0.997088969
1341846677.763691 0.121458583 0.074255824 -0.262424260 0.029716799 0.009187349 0.070748575 0.997009099
1341846677.798630 0.125217140 0.083165392 -0.265926808 0.030432340 0.007011299 0.069890305 0.997065723
1341846677.830104 0.134413242 0.079976290 -0.261113435 0.029610332 0.006720797 0.068591759 0.997182667
1341846677.862185 0.136526003 0.069941588 -0.261644453 0.031218089 0.008877827 0.067863695 0.997166574
1341846677.898344 0.131896704 0.071263514 -0.258092135 0.034740396 0.009065602 0.067817219 0.997051537
1341846677.930181 0.140204966 0.070953406 -0.264354408 0.036643956 0.008519380 0.066733792 0.997061312
1341846677.966256 0.145057619 0.065366283 -0.260245830 0.038896773 0.010006263 0.066354536 0.996987462
1341846677.998516 0.132468417 0.058625333 -0.268839538 0.042778969 0.011307787 0.067829736 0.996715188
1341846678.030368 0.135683283 0.066672415 -0.267504394 0.046647750 0.008573191 0.068554282 0.996519327
1341846678.066187 0.147297129 0.064381346 -0.269389600 0.048110221 0.008597075 0.067003958 0.996555030
1341846678.098076 0.133344918 0.061791673 -0.270287335 0.049804840 0.010097891 0.067569435 0.996419489
1341846678.134082 0.127737358 0.056605779 -0.274221301 0.050973281 0.008087732 0.067595258 0.996377051
1341846678.166092 0.145946160 0.059979107 -0.272460222 0.052355286 0.006501681 0.066615500 0.996382952
1341846678.204293 0.136041149 0.055426043 -0.276360005 0.053575091 0.008145740 0.066976227 0.996281862
1341846678.266209 0.142952800 0.054742578 -0.278902858 0.057487600 0.004415231 0.067297749 0.996065617
1341846678.298316 0.138356894 0.057944179 -0.281030774 0.058449507 0.003709688 0.067380928 0.996006846
1341846678.334135 0.140997216 0.052276444 -0.282450318 0.057588905 0.001576448 0.068040922 0.996017754
1341846678.366593 0.147495285 0.051805817 -0.278846473 0.059227154 0.001088727 0.067455761 0.995962203
1341846678.402292 0.143799454 0.053017046 -0.278954744 0.060874827 0.001261997 0.067457080 0.995862544
1341846678.439991 0.148228973 0.051473238 -0.280168533 0.061339606 0.000862988 0.067378208 0.995839775
