1341846226.817920 0.000000000 0.000000000 0.000000000 0.000000000 0.000000000 0.000000000 1.000000000
1341846226.850323 0.003979045 0.000967716 0.002174999 0.001046850 -0.000498126 -0.002279318 0.999996722
1341846226.881894 0.007162338 0.001556234 0.003083987 0.001435886 0.000458854 -0.003107875 0.999994040
1341846226.917980 0.004584659 -0.000014134 0.003394370 0.000352692 -0.000551951 -0.002791714 0.999995887
1341846226.950000 0.005061868 -0.003735676 0.006386439 0.000880536 -0.002776782 -0.002181822 0.999993384
1341846226.985981 0.005539639 -0.002594888 0.004599399 0.002728671 -0.003510045 -0.002766383 0.999986291
1341846227.017919 0.001616515 0.001056790 0.002317977 0.002907952 -0.003681619 -0.003493438 0.999982893
1341846227.050040 0.006949664 -0.002837537 0.006669571 0.002265205 -0.004902092 -0.003913035 0.999977767
1341846227.085982 0.004834984 -0.000632579 0.003877799 0.003289086 -0.004376554 -0.004948112 0.999972761
1341846227.118052 0.006928325 -0.000243444 0.006562172 0.003752789 -0.004595168 -0.005110370 0.999969363
1341846227.149935 0.005739292 -0.001397365 0.003906092 0.004249651 -0.004807749 -0.004925204 0.999967277
1341846227.186053 0.001524592 0.002011355 0.002337710 0.004305105 -0.005140549 -0.006054829 0.999959171
1341846227.218443 0.006580945 -0.000199205 0.006162800 0.003065122 -0.006208717 -0.007384789 0.999948740
1341846227.253944 0.009985246 -0.003742933 0.007450345 0.003952733 -0.006359953 -0.008940916 0.999931991
1341846227.285981 0.006089280 -0.003728524 0.005664019 0.005069867 -0.006466124 -0.010113826 0.999915123
1341846227.320064 0.005526667 -0.002352516 0.004151798 0.005345787 -0.008056193 -0.011302513 0.999889374
1341846227.353969 0.004159194 -0.001845837 0.002159459 0.005840112 -0.009568595 -0.013573501 0.999845028
1341846227.385846 0.001060540 0.002071048 0.000233959 0.005730949 -0.011489531 -0.014740986 0.999808908
1341846227.418015 -0.001098195 0.001500967 0.000041973 0.004110780 -0.014663639 -0.016847832 0.999742091
1341846227.453997 0.001657398 0.001014976 0.002001398 0.002715679 -0.017572982 -0.020654527 0.999628544
1341846227.485981 0.007113539 0.001627237 0.005027099 0.002132074 -0.019394388 -0.023093352 0.999542892
1341846227.521976 0.003553725 0.001122475 0.007743044 0.002112272 -0.020547390 -0.023207607 0.999517262
1341846227.553980 0.002387084 -0.005198183 0.008494900 0.002970476 -0.022744354 -0.024286449 0.999441862
1341846227.586047 0.008218818 0.000443285 0.007183598 0.005262843 -0.023903970 -0.027679114 0.999317110
1341846227.622081 0.010950411 0.002380767 0.003557916 0.005033893 -0.023584900 -0.030793868 0.999234796
1341846227.653945 0.002431754 -0.006316284 0.007066001 0.003681815 -0.022665553 -0.030427095 0.999273181
1341846227.686038 0.008634899 -0.011487174 0.009154242 0.006167535 -0.024356600 -0.030553121 0.999217272
1341846227.721966 0.019772697 -0.004678997 0.006077105 0.009618679 -0.023692664 -0.031244233 0.999184668
1341846227.754130 0.018621122 -0.008315949 0.006678645 0.009972500 -0.020591857 -0.031387772 0.999245346
1341846227.789951 0.014338192 -0.005817034 0.008217844 0.012046348 -0.017948253 -0.030045047 0.999314785
1341846227.821920 0.019781908 -0.008107359 0.007040748 0.011814823 -0.016898517 -0.029315768 0.999357522
1341846227.854275 0.022296499 -0.007882784 0.008072122 0.012271300 -0.015300828 -0.029364081 0.999376357
1341846227.889935 0.020748721 -0.010491614 0.005958023 0.012248980 -0.013402644 -0.028979443 0.999415100
1341846227.921967 0.020514274 -0.011423064 0.005865566 0.012073196 -0.012498356 -0.028168581 0.999452114
1341846227.958123 0.021217417 -0.008331706 0.004471480 0.012670583 -0.011093375 -0.028902328 0.999440372
1341846227.989985 0.018704947 -0.009153586 0.006035349 0.011394439 -0.008303635 -0.030714510 0.999428749
1341846228.021937 0.026228892 -0.019604957 0.005363816 0.010432528 -0.008899164 -0.029111635 0.999482095
1341846228.058222 0.024467487 -0.021617336 0.005923405 0.012517297 -0.008306789 -0.027771106 0.999501407
1341846228.090097 0.036273699 -0.008960210 0.001199523 0.013834571 -0.008737505 -0.027817020 0.999479115
1341846228.121845 0.031620108 -0.009238790 0.002037234 0.010569281 -0.005962472 -0.027154651 0.999557614
1341846228.157875 0.024562849 -0.008033414 0.002269260 0.008451009 -0.005095321 -0.023382278 0.999677896
1341846228.189872 0.030125238 -0.002795404 0.003887828 0.006868612 -0.006537794 -0.022002097 0.999712944
1341846228.225994 0.028553439 -0.010714580 0.008069145 0.003994444 -0.006261548 -0.023099100 0.999705613
1341846228.258336 0.027764350 -0.017502174 0.009748795 0.003806628 -0.006953735 -0.023562161 0.999690950
1341846228.289941 0.033995721 -0.013960851 0.007596450 0.005012233 -0.008184493 -0.022127764 0.999709070
1341846228.326018 0.036601920 -0.015595336 0.010359623 0.005278841 -0.007893787 -0.022850519 0.999693811
1341846228.358243 0.035804022 -0.012304242 0.009868752 0.006060723 -0.005918792 -0.022606323 0.999708533
1341846228.389779 0.029670734 -0.013475124 0.006637739 0.005481892 -0.004654918 -0.021724895 0.999738097
1341846228.426073 0.040480584 -0.018049156 0.011580101 0.005262018 -0.005461141 -0.021822587 0.999733090
1341846228.493915 0.036181509 -0.012163086 0.001643215 0.006456016 -0.002585851 -0.020449104 0.999766707
1341846228.525907 0.034126285 -0.016840188 0.003649714 0.005012767 -0.003195044 -0.019470289 0.999792755
1341846228.558208 0.040373094 -0.015068385 0.006314556 0.005500173 -0.003465376 -0.019061562 0.999797165
1341846228.593899 0.038317844 -0.016891634 0.000740569 0.005492430 -0.002636936 -0.018439693 0.999811411
1341846228.626021 0.034962140 -0.014564252 -0.000257017 0.005666592 -0.003786113 -0.017399276 0.999825418
1341846228.658069 0.033052269 -0.012064219 0.002384785 0.005010277 -0.004622673 -0.017139703 0.999829888
1341846228.693942 0.037635766 -0.017998839 0.004044096 0.003276719 -0.004233916 -0.017558765 0.999831498
1341846228.726069 0.036842167 -0.015010140 0.006997933 0.003177349 -0.002894216 -0.017610760 0.999835670
1341846228.762090 0.031731471 -0.022716066 0.003719497 0.002000779 -0.002350341 -0.015265211 0.999878705
1341846228.794000 0.035663716 -0.023015637 0.004590154 0.003205877 -0.003347157 -0.014342559 0.999886394
1341846228.825934 0.036554907 -0.018457202 0.002698208 0.004578283 -0.002724832 -0.014002639 0.999887764
1341846228.862015 0.035622429 -0.019550160 0.001963516 0.004386334 -0.002826637 -0.011557497 0.999919593
1341846228.893856 0.033000413 -0.022382000 -0.003938810 0.004253093 -0.003463658 -0.011959556 0.999913454
1341846228.926548 0.037485007 -0.019463707 -0.001501052 0.004913467 -0.003938350 -0.012813575 0.999898076
1341846228.961940 0.040703740 -0.016014695 -0.000525067 0.004935090 -0.003744814 -0.012295140 0.999905229
1341846228.994040 0.041035362 -0.016786296 -0.002070065 0.003715473 -0.003719990 -0.012007729 0.999914050
1341846229.029897 0.039968207 -0.019985832 0.000428657 0.003575299 -0.003717818 -0.011315526 0.999922693
1341846229.061870 0.044639293 -0.022211246 0.000466832 0.004441778 -0.004022475 -0.011052235 0.999920905
1341846229.094829 0.043575563 -0.018597925 -0.001582172 0.005014722 -0.003219367 -0.010217287 0.999930024
1341846229.129930 0.047856729 -0.018169986 -0.001642728 0.004441197 -0.003420901 -0.008999266 0.999943793
1341846229.161882 0.047750074 -0.019659257 -0.002231713 0.003794169 -0.002801393 -0.009750154 0.999941349
1341846229.197882 0.044552770 -0.020830523 -0.000895893 0.004105527 -0.002369994 -0.009929227 0.999939442
1341846229.229812 0.043285731 -0.021991925 -0.000862767 0.005278102 -0.002831609 -0.009948073 0.999932587
1341846229.261994 0.040761106 -0.021377528 -0.002801701 0.006414276 -0.002728616 -0.010692620 0.999918520
1341846229.297920 0.035925899 -0.017684450 -0.005963994 0.006862532 -0.002100110 -0.011884613 0.999903619
1341846229.329933 0.036699086 -0.018951913 -0.008468948 0.006565251 -0.003071995 -0.012011924 0.999901593
1341846229.361996 0.038876392 -0.023468817 -0.005125747 0.006250570 -0.004049506 -0.011534075 0.999905765
1341846229.398029 0.041631680 -0.030495554 -0.003511964 0.007565939 -0.004025893 -0.011275072 0.999899685
1341846229.430182 0.041150149 -0.024981316 -0.005594095 0.011078999 -0.004283341 -0.011004868 0.999868870
1341846229.471963 0.039542578 -0.021238279 -0.007748045 0.012299299 -0.004094382 -0.010654251 0.999859214
1341846229.530149 0.042337392 -0.022471817 -0.005985337 0.013800134 -0.003914328 -0.008850302 0.999857962
1341846229.566064 0.045859393 -0.021581093 -0.006157518 0.014177940 -0.004300820 -0.006527306 0.999868929
1341846229.630063 0.043087114 -0.021021653 -0.008623937 0.017528903 -0.001560304 -0.004014847 0.999837101
1341846229.665946 0.043710735 -0.019482849 -0.006128194 0.016960474 -0.001422836 -0.002592309 0.999851823
1341846229.698150 0.044351023 -0.031519637 -0.004620141 0.016366288 -0.001247493 -0.002260097 0.999862731
1341846229.733828 0.046568487 -0.023299536 -0.005733137 0.020936724 0.000261551 -0.001657164 0.999779403
1341846229.765937 0.045624867 -0.022475814 -0.013714807 0.021025419 0.001721408 -0.001392991 0.999776483
1341846229.798002 0.041647401 -0.022530440 -0.010405341 0.018982928 0.002189940 -0.002239718 0.999814928
1341846229.833857 0.047894210 -0.023473140 -0.006225389 0.019256886 0.001478018 -0.001972186 0.999811530
1341846229.865928 0.042665061 -0.025998088 -0.011995954 0.020237511 0.003345450 -0.002152815 0.999787271
1341846229.897926 0.039756279 -0.018595899 -0.014080107 0.020838317 0.004014262 -0.002835429 0.999770761
1341846229.939857 0.045276780 -0.016978232 -0.013130446 0.019182483 0.003274937 -0.002354491 0.999807894
1341846230.002061 0.041317344 -0.010770328 -0.013288311 0.017079789 0.004889106 -0.004058512 0.999833941
1341846230.033858 0.040819582 -0.016715264 -0.011174450 0.013729909 0.004650639 -0.004960762 0.999882638
1341846230.065938 0.037470683 -0.021946849 -0.007575970 0.012711887 0.005809295 -0.003997632 0.999894321
1341846230.103878 0.035525132 -0.016555656 -0.009653825 0.013550323 0.006907363 -0.003471969 0.999878287
1341846230.144719 0.034838647 -0.018410945 -0.008726429 0.012255970 0.007280903 -0.004102360 0.999889970
1341846230.172747 0.039244365 -0.025105152 -0.006383898 0.011046271 0.007006377 -0.002669578 0.999910891
1341846230.208544 0.041273929 -0.021633070 -0.006227270 0.012513559 0.007402509 -0.000937833 0.999893904
1341846230.271971 0.041695587 -0.026984051 -0.006230092 0.010604968 0.007228942 -0.000169130 0.999917626
1341846230.334051 0.037485119 -0.023930060 -0.007296759 0.015254945 0.008513018 0.001165666 0.999846697
1341846230.370031 0.036443047 -0.027216144 -0.009770252 0.016764056 0.009883876 -0.000589912 0.999810457
1341846230.401932 0.033979937 -0.022796240 -0.009594239 0.019408345 0.011248805 -0.001186995 0.999747634
1341846230.437965 0.035467893 -0.027717661 -0.010094625 0.020301715 0.011400605 -0.002678797 0.999725282
1341846230.469920 0.031640895 -0.026048431 -0.010112055 0.021762775 0.012440364 -0.003818476 0.999678493
1341846230.501933 0.035672911 -0.016749594 -0.014430971 0.022961471 0.011849456 -0.004353936 0.999656618
1341846230.537834 0.032887068 -0.020689294 -0.011588557 0.021804245 0.011805791 -0.004672704 0.999681652
1341846230.569803 0.039002832 -0.027581470 -0.011905319 0.022518342 0.010482365 -0.005027178 0.999678850
1341846230.601945 0.045393359 -0.024672480 -0.014188247 0.024630250 0.008653449 -0.003232848 0.999653935
1341846230.637789 0.038332108 -0.026234603 -0.012385670 0.025395932 0.009199911 -0.004203817 0.999626279
1341846230.670057 0.041146055 -0.022479486 -0.021524046 0.025298301 0.008111683 -0.004262170 0.999637961
1341846230.705937 0.041187704 -0.022975476 -0.019976756 0.024273377 0.007545724 -0.005523043 0.999661624
1341846230.737932 0.036200386 -0.031502299 -0.013142331 0.023827653 0.008306945 -0.005096364 0.999668598
1341846230.769960 0.033898763 -0.028410602 -0.011319499 0.025349893 0.008307311 -0.004458381 0.999634206
1341846230.805852 0.037562206 -0.026155714 -0.014120196 0.026145704 0.007265663 -0.004261778 0.999622643
1341846230.837804 0.039569732 -0.025398508 -0.013423625 0.026406104 0.006757177 -0.005184588 0.999615014
1341846230.869829 0.038712349 -0.025585765 -0.010765058 0.027256284 0.007294170 -0.004952226 0.999589622
1341846230.905851 0.040146712 -0.022641042 -0.014590462 0.028119545 0.006677576 -0.003708022 0.999575377
1341846230.937917 0.040939238 -0.024937717 -0.010118430 0.027635820 0.005230904 -0.004780149 0.999592900
1341846230.973933 0.039563756 -0.024968902 -0.013770249 0.028453873 0.005114100 -0.004596143 0.999571443
1341846231.006047 0.042448543 -0.025857462 -0.011600522 0.029432429 0.004829957 -0.003893144 0.999547482
1341846231.037936 0.037594259 -0.024442812 -0.014598730 0.029647537 0.004726138 -0.004490962 0.999539137
1341846231.074310 0.041410226 -0.024402780 -0.012036295 0.029547336 0.003635495 -0.004725547 0.999545574
1341846231.106085 0.043105431 -0.030360797 -0.012244967 0.030024754 0.002986076 -0.003608117 0.999538183
1341846231.138083 0.042925663 -0.026715467 -0.013867350 0.031485423 0.002431753 -0.003375785 0.999495566
1341846231.174011 0.039699063 -0.023922166 -0.013029500 0.031820286 0.002441570 -0.004887549 0.999478638
1341846231.205909 0.042974178 -0.025177743 -0.011638138 0.032754928 0.002013943 -0.005044328 0.999448657
1341846231.241869 0.041985460 -0.027290309 -0.014049521 0.033319283 0.002399532 -0.004689521 0.999430895
1341846231.273832 0.042551290 -0.020434046 -0.012661008 0.034728345 0.001847318 -0.005193494 0.999381602
1341846231.305846 0.044919774 -0.022617906 -0.015015090 0.035643276 0.001188265 -0.004331640 0.999354482
1341846231.341923 0.041340187 -0.020707773 -0.017121485 0.035486862 0.001346937 -0.004494056 0.999359131
1341846231.410022 0.039716732 -0.025228608 -0.016435571 0.032375816 0.001133667 -0.005528687 0.999459803
1341846231.442103 0.037998755 -0.021062627 -0.013682651 0.032984152 0.001195400 -0.004690983 0.999444127
1341846231.484245 0.041745104 -0.023819856 -0.016335653 0.032818291 -0.000635170 -0.003173064 0.999456108
1341846231.516816 0.041699708 -0.023651198 -0.018768080 0.031684842 -0.000658640 -0.005040015 0.999484956
1341846231.547853 0.043287273 -0.016737893 -0.020026097 0.030516930 0.000568931 -0.006948271 0.999509931
1341846231.583898 0.044148527 -0.018319959 -0.018810166 0.027140785 0.002239325 -0.009015409 0.999588430
1341846231.615993 0.040431488 -0.021031329 -0.011430898 0.025699537 0.004574315 -0.012364634 0.999582767
1341846231.648015 0.040101841 -0.037584502 -0.008397101 0.025333311 0.004060733 -0.013869074 0.999574602
1341846231.683822 0.039006025 -0.041979443 -0.009692493 0.029976174 0.002630760 -0.013694211 0.999453306
1341846231.716153 0.042444158 -0.047391362 -0.008357092 0.035130106 0.001228102 -0.012393533 0.999305129
1341846231.747846 0.037393227 -0.032893527 -0.017201947 0.040761452 0.000477814 -0.013491556 0.999077678
1341846231.783993 0.043966904 -0.028664911 -0.014476821 0.041910253 -0.001493445 -0.013796180 0.999024987
1341846231.817027 0.041593596 -0.026973039 -0.018357310 0.041922897 -0.001065336 -0.013479921 0.999029338
1341846231.852317 0.043444302 -0.022641975 -0.014406665 0.041506872 -0.001703128 -0.013661410 0.999043345
1341846231.909867 0.045429707 -0.027552014 -0.014099114 0.037179042 -0.004515522 -0.011267351 0.999234915
1341846231.945837 0.041975688 -0.029608281 -0.013274653 0.036863759 -0.004725265 -0.010875310 0.999249935
1341846231.978027 0.046470460 -0.031734440 -0.015698554 0.036366276 -0.005647541 -0.010966138 0.999262393
1341846232.009966 0.042057063 -0.026750036 -0.014398739 0.035750210 -0.005564776 -0.010639284 0.999288619
1341846232.045845 0.038642488 -0.034432720 -0.012781421 0.034289107 -0.006240271 -0.009806830 0.999344349
1341846232.077961 0.042799935 -0.032008130 -0.011884544 0.035255767 -0.008093727 -0.008454383 0.999309778
1341846232.109864 0.043091275 -0.028408445 -0.011769634 0.035613794 -0.008385054 -0.009784920 0.999282539
1341846232.145999 0.050033391 -0.030386750 -0.014864434 0.034954194 -0.009168169 -0.010093004 0.999295890
1341846232.178314 0.047403447 -0.032950737 -0.012375214 0.034173664 -0.008546288 -0.010185939 0.999327481
1341846232.215951 0.049469776 -0.031862933 -0.011533507 0.035042703 -0.008553999 -0.009607538 0.999302983
1341846232.252037 0.049723942 -0.031304147 -0.012672110 0.036106892 -0.008603869 -0.008198614 0.999277234
1341846232.283944 0.049356446 -0.033018582 -0.014610306 0.036247663 -0.008690867 -0.006349672 0.999284863
1341846232.319867 0.047720585 -0.030798733 -0.009054270 0.036382407 -0.008010759 -0.005929033 0.999288261
1341846232.351854 0.047267955 -0.029042449 -0.014733896 0.034493323 -0.007716343 -0.007083773 0.999350011
1341846232.383877 0.044150550 -0.023568731 -0.005668964 0.033163954 -0.006900046 -0.010114739 0.999374926
1341846232.419782 0.041929536 -0.032988224 -0.009773171 0.031426325 -0.007804327 -0.010887666 0.999416292
1341846232.451780 0.048331425 -0.038785536 -0.012507940 0.031661786 -0.009172999 -0.010247861 0.999404013
1341846232.484170 0.048275519 -0.031218961 -0.008807361 0.034011003 -0.008651498 -0.010869233 0.999324918
1341846232.519889 0.049867343 -0.030787611 -0.007327977 0.034867190 -0.009103628 -0.010067067 0.999299765
1341846232.551877 0.050120436 -0.035365023 -0.006281145 0.034441419 -0.009321678 -0.010004406 0.999313176
1341846232.583846 0.053816333 -0.036765587 -0.004368120 0.035921950 -0.009345325 -0.010353396 0.999257267
1341846232.619798 0.055025823 -0.033588201 -0.006677442 0.038070101 -0.008990693 -0.009545790 0.999189019
1341846232.651799 0.053603712 -0.031683229 -0.003465834 0.039555248 -0.008470611 -0.009601366 0.999135315
1341846232.688092 0.056575213 -0.034668859 -0.001899656 0.040829971 -0.008484695 -0.009264266 0.999087155
1341846232.719804 0.056617897 -0.036884587 -0.004580747 0.042497460 -0.007739907 -0.010420754 0.999012232
1341846232.751767 0.056945253 -0.034208395 -0.005945140 0.044555567 -0.006817391 -0.010979009 0.998923361
1341846232.787894 0.064792566 -0.038252871 -0.005015328 0.045823283 -0.007178076 -0.012205346 0.998849213
1341846232.819886 0.057998519 -0.034812525 -0.005086269 0.048365191 -0.005097872 -0.012466222 0.998738945
1341846232.855850 0.056094185 -0.037444234 -0.009692428 0.049907457 -0.004446004 -0.013097123 0.998658061
1341846232.887989 0.054009590 -0.035715822 -0.010054045 0.051542096 -0.003400195 -0.013655470 0.998571694
1341846232.919822 0.052929491 -0.035890538 -0.007247834 0.052146323 -0.002538090 -0.014848172 0.998525858
1341846232.955993 0.056854550 -0.036862146 -0.008449890 0.052917842 -0.002981602 -0.013650926 0.998501122
1341846232.987965 0.061111134 -0.028685156 -0.006020321 0.054034062 -0.002545193 -0.014266852 0.998433948
1341846233.023868 0.056260258 -0.029777560 -0.005039914 0.052516844 0.000061973 -0.014548927 0.998514056
1341846233.055880 0.057739269 -0.032139458 -0.006056226 0.050994970 0.001183900 -0.015595295 0.998576462
1341846233.087872 0.052762821 -0.034595292 -0.004513176 0.050007738 0.002070875 -0.016715588 0.998606801
1341846233.124060 0.051630925 -0.041220691 -0.003491940 0.049715161 0.001544807 -0.017269386 0.998612940
1341846233.155902 0.053397760 -0.043665003 -0.002077883 0.051607039 -0.000110388 -0.017211583 0.998519123
1341846233.218177 0.060308922 -0.035718620 -0.009243633 0.056626879 -0.001783165 -0.019198051 0.998209238
1341846233.249926 0.060476042 -0.030241245 -0.012220291 0.056159198 -0.001597291 -0.020492338 0.998210251
1341846233.286015 0.057951778 -0.036522593 -0.008339831 0.054173153 -0.000930460 -0.022240754 0.998283446
1341846233.317870 0.057554383 -0.040581804 -0.005862006 0.054321378 0.000298322 -0.022050453 0.998279989
1341846233.349815 0.057770874 -0.042367239 -0.005000930 0.054775391 0.000600861 -0.021070510 0.998276174
1341846233.385857 0.056335311 -0.035185572 -0.005117094 0.055986024 -0.000043844 -0.019919870 0.998232841
1341846233.417990 0.059950080 -0.040256869 -0.002695957 0.055057790 -0.001149754 -0.019429179 0.998293459
1341846233.453822 0.060333733 -0.041228719 -0.004958090 0.055912606 -0.002098300 -0.018660491 0.998259068
1341846233.485912 0.059627842 -0.041489877 -0.005524172 0.056980055 -0.002640931 -0.019983793 0.998171806
1341846233.517954 0.061301306 -0.041160278 -0.008263508 0.056862183 -0.003941619 -0.020830145 0.998156905
1341846233.553882 0.062579393 -0.044693492 -0.007441833 0.056198075 -0.005177484 -0.021247290 0.998180091
1341846233.585968 0.064552873 -0.049850672 -0.007740456 0.056775186 -0.006272014 -0.020555869 0.998155653
1341846233.621898 0.067508802 -0.045525234 -0.006413881 0.058447458 -0.006590148 -0.019770902 0.998072922
1341846233.654396 0.068520442 -0.037798315 -0.007527538 0.059402604 -0.005650183 -0.020118054 0.998015344
1341846233.685848 0.063018553 -0.041837569 -0.008050916 0.057870500 -0.003827363 -0.021452557 0.998086214
1341846233.721879 0.065227821 -0.039683335 -0.007918314 0.057627432 -0.003854891 -0.020795681 0.998114109
1341846233.753961 0.065182246 -0.041623197 -0.006086309 0.056856915 -0.003597567 -0.020114746 0.998173177
1341846233.822009 0.064479046 -0.039750732 -0.006411445 0.055775709 -0.002142439 -0.018877206 0.998262584
1341846233.853971 0.065449215 -0.039935350 -0.002342031 0.054691844 -0.002277338 -0.018743927 0.998324752
1341846233.889920 0.066802382 -0.038310915 -0.003531042 0.054262042 -0.002674058 -0.019081902 0.998340786
1341846233.922045 0.066349216 -0.040571325 -0.003517995 0.053002525 -0.003312991 -0.019680377 0.998394966
1341846233.953967 0.067959480 -0.041668274 -0.002697034 0.052381799 -0.004385605 -0.018832343 0.998439908
1341846233.989945 0.065732650 -0.045622949 -0.006018935 0.051428936 -0.005028984 -0.019376764 0.998476028
1341846234.021936 0.066107273 -0.038871802 -0.005675580 0.051538493 -0.005744586 -0.019422056 0.998465598
1341846234.053904 0.070125803 -0.045346458 -0.002804944 0.050045263 -0.006145013 -0.019648692 0.998534739
1341846234.089899 0.069212161 -0.044045914 -0.003818264 0.050175522 -0.005385360 -0.020235233 0.998520851
1341846234.158063 0.071738757 -0.043950129 -0.000900926 0.049793437 -0.005604982 -0.019504381 0.998553336
1341846234.189961 0.074740849 -0.047570411 -0.002505260 0.050221901 -0.005876229 -0.018759547 0.998544633
1341846234.222130 0.076752663 -0.039394692 -0.002095475 0.051032621 -0.005508724 -0.018812003 0.998504579
1341846234.257875 0.076452821 -0.039735056 0.000359762 0.049675677 -0.005060017 -0.018411435 0.998582900
1341846234.289820 0.079126328 -0.046312079 0.000896408 0.048457306 -0.004737089 -0.018219279 0.998647869
1341846234.321998 0.074953280 -0.043967634 0.000373244 0.049897749 -0.003141303 -0.019487377 0.998559237
1341846234.357904 0.073839448 -0.041638229 0.001962138 0.050565287 -0.003155127 -0.020623062 0.998502851
1341846234.389919 0.074049599 -0.044826195 0.001332306 0.050669771 -0.004084622 -0.019249950 0.998521566
1341846234.425915 0.078217410 -0.046536095 0.003326190 0.051459633 -0.005249169 -0.017774096 0.998503149
1341846234.457800 0.077264301 -0.037371922 -0.000290280 0.052234571 -0.005361884 -0.017784989 0.998462081
1341846234.490016 0.076095171 -0.036064573 0.000611803 0.049583357 -0.005703007 -0.017723454 0.998596430
1341846234.525867 0.083617069 -0.041916270 0.005398889 0.047963761 -0.006848451 -0.016759323 0.998685002
1341846234.557961 0.081106313 -0.039282911 0.004321122 0.047840282 -0.006483021 -0.015984138 0.998706102
1341846234.593900 0.080368012 -0.034920968 0.004780825 0.046994790 -0.007247748 -0.014510212 0.998763442
1341846234.658173 0.081131242 -0.038708851 0.006099896 0.045553919 -0.009457616 -0.012551976 0.998838246
1341846234.694104 0.082342863 -0.042226508 0.007668838 0.044673923 -0.010810232 -0.012090890 0.998869956
1341846234.725911 0.082357749 -0.042563714 0.007061637 0.045004502 -0.012340106 -0.010587718 0.998854458
1341846234.758643 0.081723876 -0.041510522 0.006624389 0.046106823 -0.012804600 -0.010427621 0.998800039
1341846234.793907 0.085236967 -0.039351091 0.006027965 0.045531828 -0.013300534 -0.010888539 0.998815000
1341846234.826106 0.084609628 -0.040899713 0.006038826 0.044540796 -0.013130789 -0.010983802 0.998860896
1341846234.862270 0.084305488 -0.042751450 0.010550932 0.044439971 -0.013422643 -0.010767063 0.998863876
1341846234.893971 0.083427981 -0.039815553 0.009816861 0.046093747 -0.013881154 -0.010554715 0.998784900
1341846234.926031 0.076418594 -0.041850392 0.006293719 0.046337832 -0.012732440 -0.011668364 0.998776495
1341846234.961979 0.081227921 -0.040892530 0.007913089 0.046980213 -0.013549625 -0.012463806 0.998726189
1341846234.994016 0.079828978 -0.041424833 0.006490264 0.047502663 -0.013940501 -0.013110664 0.998687804
1341846235.026311 0.080689199 -0.036086071 0.005539899 0.046890367 -0.014845037 -0.013781578 0.998694658
1341846235.061915 0.082603738 -0.038426120 0.006081385 0.044881485 -0.014915418 -0.014035823 0.998782337
1341846235.094075 0.082606368 -0.040523194 0.008513792 0.043822076 -0.014856006 -0.014157409 0.998828590
1341846235.130068 0.073427767 -0.043282896 0.005892585 0.044077486 -0.013957016 -0.014138260 0.998830557
1341846235.162449 0.076736107 -0.043758154 0.008143600 0.044959627 -0.015790498 -0.013005058 0.998779356
1341846235.193917 0.076476946 -0.046524830 0.004266458 0.045382906 -0.016215231 -0.012617438 0.998758376
1341846235.229939 0.078925207 -0.041685458 0.005989716 0.047134712 -0.015920227 -0.013592774 0.998669147
1341846235.261811 0.078455180 -0.043048959 0.007134485 0.047105219 -0.016237915 -0.014030202 0.998659372
1341846235.294134 0.081610486 -0.039708521 0.007379977 0.048662946 -0.017033860 -0.014749012 0.998561084
1341846235.329890 0.082057826 -0.038064905 0.005820166 0.048874393 -0.017074678 -0.015819114 0.998533666
1341846235.361974 0.082440391 -0.032481495 0.003372131 0.047786258 -0.016340427 -0.018369284 0.998555005
1341846235.398097 0.075509392 -0.034981482 0.005272898 0.045107458 -0.015110055 -0.019829651 0.998670995
1341846235.462163 0.078386106 -0.040518124 0.006427746 0.044628110 -0.015795076 -0.020094022 0.998676658
1341846235.498142 0.076430142 -0.035084885 0.005868073 0.044435631 -0.015431782 -0.021891512 0.998653173
1341846235.529989 0.077005781 -0.040712617 0.007574505 0.042670995 -0.015807364 -0.022894265 0.998701751
1341846235.561921 0.076816335 -0.042966451 0.004937630 0.043648057 -0.016252277 -0.022795951 0.998654604
1341846235.597951 0.074421458 -0.036780454 0.002970746 0.044864513 -0.015921950 -0.023394536 0.998592198
1341846235.630160 0.078999877 -0.039213061 0.006103199 0.043345332 -0.017178999 -0.023604648 0.998633504
1341846235.667679 0.077427380 -0.044037726 0.009330466 0.043462172 -0.017441494 -0.022776492 0.998643100
1341846235.705783 0.079747669 -0.041376866 0.008447302 0.045229625 -0.017987203 -0.023221876 0.998544693
1341846235.730392 0.079154618 -0.040944111 0.005670735 0.045692328 -0.017804120 -0.024887359 0.998486757
1341846235.766032 0.076194197 -0.044301443 0.007251756 0.046365175 -0.017501546 -0.025176581 0.998453856
1341846235.797942 0.075504832 -0.042531237 0.004925468 0.047808513 -0.017818786 -0.025055967 0.998383224
1341846235.833964 0.075262152 -0.041338094 0.004510862 0.048342098 -0.017641341 -0.024820207 0.998366535
1341846235.866037 0.077053525 -0.042180818 0.002828371 0.048274610 -0.017947534 -0.023888899 0.998387098
1341846235.898007 0.080516584 -0.044700481 0.005990691 0.048234530 -0.018165264 -0.022330450 0.998421133
1341846235.934106 0.076424323 -0.048113089 0.005216345 0.049744371 -0.016774556 -0.021356506 0.998392701
1341846235.965921 0.077870443 -0.042159904 0.003705887 0.051715948 -0.016029395 -0.021354005 0.998304844
1341846235.997897 0.078895479 -0.041557524 0.001193480 0.051211298 -0.015429896 -0.021255404 0.998342395
1341846236.034072 0.078799419 -0.044202313 0.004219966 0.051459905 -0.014460085 -0.021062505 0.998348236
1341846236.065823 0.077631481 -0.042350877 0.002306549 0.052981012 -0.013770713 -0.020985030 0.998280048
1341846236.101989 0.078430720 -0.035870105 0.002035747 0.052890353 -0.014013503 -0.021509569 0.998270273
1341846236.134258 0.079712152 -0.041737016 0.003929824 0.051423937 -0.014296202 -0.020643994 0.998361170
1341846236.166269 0.077232517 -0.042731110 0.001446263 0.052040786 -0.013952826 -0.020121923 0.998344719
1341846236.202022 0.078255460 -0.035960246 -0.000369500 0.052249514 -0.013628307 -0.021314099 0.998313546
1341846236.233893 0.075877778 -0.038919345 -0.001069379 0.049918532 -0.013011379 -0.021352097 0.998440266
1341846236.265924 0.079254299 -0.041614477 0.000383136 0.049548164 -0.013407081 -0.019879144 0.998483896
1341846236.302018 0.080546774 -0.043086052 0.001484275 0.049733389 -0.013440356 -0.019420445 0.998483241
1341846236.333756 0.079412088 -0.040570591 -0.000395114 0.049927488 -0.013085333 -0.020112272 0.998464584
1341846236.369949 0.075735986 -0.040500116 0.000002064 0.049683627 -0.011813158 -0.020586871 0.998482943
1341846236.401964 0.078252830 -0.041772366 0.000568454 0.049325995 -0.011635035 -0.020474916 0.998505056
1341846236.433828 0.079651140 -0.042422675 -0.000014983 0.049570143 -0.011636102 -0.021050492 0.998480976
1341846236.469948 0.080649815 -0.042784229 -0.000267998 0.050362691 -0.011342234 -0.020971421 0.998446405
1341846236.501946 0.081842922 -0.041566342 -0.001916816 0.051014077 -0.010718053 -0.020573098 0.998428464
1341846236.534764 0.082458891 -0.034613051 -0.003573178 0.050962560 -0.010215028 -0.019113433 0.998465359
1341846236.569956 0.078288823 -0.044217646 -0.001677857 0.049240593 -0.008998050 -0.017148154 0.998599172
1341846236.601901 0.079637893 -0.044531818 -0.003398080 0.050133426 -0.008848195 -0.016542071 0.998566329
1341846236.637896 0.084861539 -0.033919480 -0.004594434 0.050470002 -0.008856897 -0.017247129 0.998537362
1341846236.669818 0.084033124 -0.036619049 -0.004053436 0.048028059 -0.007669626 -0.018019391 0.998654008
1341846236.702100 0.082663164 -0.047171578 -0.001756522 0.046589397 -0.006063370 -0.018358972 0.998727024
1341846236.738521 0.085186303 -0.057890322 -0.006032311 0.050513569 -0.006073378 -0.015356856 0.998586774
1341846236.769905 0.078719765 -0.047649346 -0.006665027 0.060572691 -0.006207655 -0.013079245 0.998058796
1341846236.805999 0.082639836 -0.047024939 -0.005282625 0.062529944 -0.008020458 -0.013354712 0.997921526
1341846236.844067 0.086997323 -0.041240614 -0.004103392 0.063408934 -0.008399481 -0.014735423 0.997843504
1341846236.876573 0.084896415 -0.036695659 -0.007066927 0.062756777 -0.007666005 -0.016722649 0.997859299
1341846236.911899 0.082785688 -0.040045314 -0.005467368 0.059128031 -0.007573297 -0.018165056 0.998056412
1341846236.944484 0.085727289 -0.056142025 -0.002269537 0.057083745 -0.008265618 -0.016672648 0.998195946
1341846236.975811 0.080756232 -0.048820630 -0.006469638 0.060131166 -0.007536480 -0.015734481 0.998037994
1341846237.011848 0.085924558 -0.045564286 -0.008648709 0.059703238 -0.007626087 -0.016462218 0.998051286
1341846237.043850 0.090675808 -0.046648137 -0.004590845 0.058937423 -0.007195019 -0.017060330 0.998089969
1341846237.075882 0.072042421 -0.048113395 -0.004410345 0.059672825 -0.004675644 -0.016614428 0.998068750
1341846237.111887 0.075951077 -0.052936036 -0.005691057 0.061695691 -0.006357733 -0.014587075 0.997968137
1341846237.143863 0.075916149 -0.045983441 -0.008620322 0.064807080 -0.006740052 -0.014593705 0.997768342
1341846237.175838 0.075635232 -0.039016426 -0.009789452 0.065044820 -0.006960354 -0.014165584 0.997757494
1341846237.211847 0.073243015 -0.040540501 -0.005979046 0.062883951 -0.006240348 -0.013961939 0.997903705
1341846237.243895 0.073567227 -0.047361642 -0.006290888 0.063042887 -0.005119668 -0.013286860 0.997909248
1341846237.280228 0.070842668 -0.043942560 -0.008239878 0.064493321 -0.004670542 -0.012654763 0.997826993
1341846237.312079 0.071855672 -0.042207975 -0.006171268 0.064172298 -0.005683255 -0.011857290 0.997852206
1341846237.343828 0.073573180 -0.043344188 -0.009310835 0.064452812 -0.005997513 -0.010809322 0.997844219
1341846237.379983 0.074110821 -0.039530523 -0.007557918 0.064635605 -0.005655431 -0.010185085 0.997840941
1341846237.411962 0.072100051 -0.036942553 -0.007657406 0.063171551 -0.005469894 -0.010653373 0.997930825
1341846237.443790 0.073813744 -0.038888827 -0.007384723 0.061333805 -0.005710944 -0.012573139 0.998021781
1341846237.479911 0.071716793 -0.037266146 -0.008362635 0.060312681 -0.004381736 -0.014967034 0.998057723
1341846237.511862 0.069135495 -0.036795147 -0.006631401 0.058817677 -0.004397929 -0.015583784 0.998137414
1341846237.547914 0.067237332 -0.036684319 -0.007729422 0.057504423 -0.005892820 -0.014971966 0.998215616
1341846237.579956 0.069154248 -0.036868006 -0.008176140 0.056822442 -0.007008443 -0.013956979 0.998262167
1341846237.611852 0.068985507 -0.038055249 -0.008519455 0.055919234 -0.007336325 -0.013557098 0.998316288
1341846237.647976 0.069692083 -0.040313765 -0.007142183 0.055081401 -0.008020890 -0.013496454 0.998358428
1341846237.680417 0.068062469 -0.040917635 -0.008580678 0.054782040 -0.008435095 -0.012827936 0.998380303
1341846237.711902 0.067364357 -0.042025775 -0.006836625 0.055175327 -0.009107612 -0.011599999 0.998367727
1341846237.747860 0.065249555 -0.040252116 -0.007100380 0.056966875 -0.009199056 -0.012211294 0.998259008
1341846237.779848 0.063871138 -0.037216671 -0.007365586 0.057677738 -0.009357089 -0.012527508 0.998212814
1341846237.815934 0.061347544 -0.032717451 -0.007671705 0.057172451 -0.009992211 -0.011235105 0.998251081
1341846237.847966 0.065054156 -0.035567541 -0.008276094 0.055450227 -0.011692105 -0.010442122 0.998338401
1341846237.879781 0.062996201 -0.034912258 -0.009745875 0.054929975 -0.011597538 -0.010937215 0.998362958
1341846237.916026 0.064680628 -0.035193007 -0.009484529 0.053697158 -0.012332605 -0.011010613 0.998420417
1341846237.978064 0.075136967 -0.044442374 -0.008904694 0.051490124 -0.013931574 -0.009890812 0.998527348
1341846238.010069 0.074279554 -0.040424448 -0.008945970 0.051209178 -0.013844696 -0.010630467 0.998535395
1341846238.045995 0.074663073 -0.039548438 -0.007931972 0.049937073 -0.013908233 -0.010161792 0.998603821
1341846238.077963 0.074228607 -0.040026784 -0.007195831 0.048859082 -0.014025810 -0.010356443 0.998653471
1341846238.109791 0.073904879 -0.041892264 -0.007065239 0.048686169 -0.013861833 -0.010366888 0.998664141
1341846238.145837 0.077325664 -0.048256766 -0.008134127 0.049124952 -0.013986490 -0.010487444 0.998639643
1341846238.177943 0.075274996 -0.039441161 -0.008920625 0.050805300 -0.012959185 -0.011349726 0.998560011
1341846238.209943 0.075181313 -0.036749158 -0.008167135 0.049330726 -0.012845121 -0.012758905 0.998618364
1341846238.246227 0.075150356 -0.042246610 -0.005134127 0.048262041 -0.012685050 -0.012497202 0.998675942
1341846238.278227 0.075703077 -0.041814324 -0.006946946 0.048899226 -0.012711895 -0.012278814 0.998647332
1341846238.345918 0.078913681 -0.042185780 -0.004771399 0.048576042 -0.012162506 -0.014989423 0.998632967
1341846238.377978 0.073963843 -0.046034522 -0.006563921 0.049246199 -0.011774860 -0.014491945 0.998612106
1341846238.413879 0.072001852 -0.046814654 -0.005618405 0.050062001 -0.012326553 -0.014076614 0.998570800
1341846238.445979 0.075848423 -0.042032767 -0.006918388 0.050948009 -0.012888610 -0.015306912 0.998500824
1341846238.478188 0.076198466 -0.042470515 -0.005545797 0.050428934 -0.012631880 -0.016149133 0.998517156
1341846238.515328 0.075125299 -0.047312342 -0.004672956 0.050277356 -0.012587468 -0.016142942 0.998525500
1341846238.545906 0.071986943 -0.047648262 -0.007253365 0.051446285 -0.012746759 -0.016594503 0.998456538
1341846238.587827 0.076813765 -0.047244973 -0.007270668 0.052066062 -0.013119162 -0.016727641 0.998417318
1341846238.645944 0.074798472 -0.039660048 -0.006684234 0.051463801 -0.012016200 -0.017213268 0.998454213
1341846238.681933 0.077625029 -0.047121987 -0.006789533 0.049940120 -0.012610544 -0.016196897 0.998541236
1341846238.713917 0.062537976 -0.039351758 -0.006312103 0.052027021 -0.010443971 -0.016957490 0.998447061
1341846238.745925 0.061575502 -0.035184577 -0.007677733 0.053250425 -0.010528713 -0.016729005 0.998385549
1341846238.781932 0.061454739 -0.034875393 -0.006405563 0.052103885 -0.010919271 -0.017040452 0.998436570
1341846238.813869 0.063768350 -0.031275995 -0.007569339 0.051720083 -0.010550891 -0.017814171 0.998446941
1341846238.849931 0.061306026 -0.035708766 -0.004589843 0.049859770 -0.009931350 -0.018061468 0.998543501
1341846238.881927 0.060770623 -0.042619605 -0.004608814 0.049578607 -0.010834505 -0.017297039 0.998561621
1341846238.914000 0.057905577 -0.046112131 -0.006147632 0.051531937 -0.012446997 -0.014853220 0.998483300
1341846238.949903 0.064433947 -0.048293903 -0.004659108 0.054784156 -0.014712864 -0.012766443 0.998308182
1341846239.017941 0.067536734 -0.040055756 -0.005656982 0.058295399 -0.014937558 -0.017025139 0.998042405
1341846239.050041 0.064758584 -0.036766384 -0.004552650 0.058983337 -0.014009938 -0.018475998 0.997989655
1341846239.081902 0.063031316 -0.038355719 -0.004644099 0.059244547 -0.013947990 -0.019804366 0.997949541
1341846239.117866 0.067508265 -0.038820244 -0.005259849 0.059880264 -0.014354387 -0.020564612 0.997890472
1341846239.149976 0.063002467 -0.039919976 -0.006063144 0.060049567 -0.012905687 -0.021080572 0.997889340
1341846239.181897 0.062229566 -0.037989322 -0.007500468 0.059414826 -0.012643023 -0.020811766 0.997936368
1341846239.217929 0.060845982 -0.038366757 -0.007525190 0.057445318 -0.012830985 -0.021087365 0.998043478
1341846239.250009 0.061234791 -0.039124724 -0.006422331 0.056152791 -0.012236576 -0.021155596 0.998123050
1341846239.285917 0.075009264 -0.040589955 -0.002787902 0.054912802 -0.013536410 -0.019501284 0.998208940
1341846239.318442 0.062277630 -0.029909648 -0.004384751 0.055395015 -0.011034188 -0.021497741 0.998172045
1341846239.349930 0.063098565 -0.032108240 -0.004477172 0.053656086 -0.010674048 -0.020663586 0.998288572
1341846239.386011 0.061119016 -0.034260038 -0.002703251 0.053371124 -0.009937015 -0.019973734 0.998325527
1341846239.417983 0.059674714 -0.034088586 -0.003829508 0.053590681 -0.009847946 -0.019944694 0.998315215
1341846239.450112 0.061664738 -0.029788459 -0.003873363 0.053427812 -0.010093314 -0.019719495 0.998325944
1341846239.485973 0.062285960 -0.028611716 -0.003041818 0.052506246 -0.009962614 -0.018992716 0.998390257
1341846239.517913 0.076350585 -0.040244490 -0.001329975 0.049452562 -0.011729203 -0.016460283 0.998571932
1341846239.553979 0.075265475 -0.038208567 -0.001031842 0.048851870 -0.011438711 -0.015958261 0.998613000
1341846239.585911 0.076244786 -0.039515991 -0.000943813 0.047541339 -0.011615410 -0.015202546 0.998686016
1341846239.617967 0.066543430 -0.037887264 0.001015535 0.048212606 -0.009995525 -0.015941978 0.998659849
1341846239.653941 0.066758148 -0.033325315 0.001950584 0.049901027 -0.010092789 -0.014833315 0.998592973
1341846239.685852 0.067389131 -0.033784095 0.001264605 0.049944729 -0.010425985 -0.014833164 0.998587430
1341846239.717923 0.064930029 -0.030265586 0.000027254 0.050053518 -0.010687285 -0.014342911 0.998586357
1341846239.753857 0.066243269 -0.035746437 0.001396911 0.049326457 -0.010859638 -0.014037798 0.998625040
1341846239.785918 0.064534135 -0.029046740 0.000238643 0.049426317 -0.010786825 -0.013963566 0.998621881
1341846239.821950 0.063743614 -0.038124532 0.002010180 0.047999009 -0.011208663 -0.013915544 0.998687565
1341846239.854023 0.073500998 -0.043686908 0.003385487 0.048340973 -0.013087207 -0.011790647 0.998675585
1341846239.891801 0.063491210 -0.031115329 -0.000996801 0.049993459 -0.011587919 -0.014133090 0.998582304
1341846239.953963 0.064909779 -0.034976359 0.003516592 0.048998415 -0.011626771 -0.014397311 0.998627424
1341846239.985997 0.062784411 -0.033398759 0.000975339 0.049652200 -0.011732114 -0.014813512 0.998587787
1341846240.022055 0.066826589 -0.038397484 0.000766169 0.048887197 -0.012714579 -0.016427012 0.998588264
1341846240.053998 0.063727729 -0.042321071 0.002367744 0.048932564 -0.011979782 -0.016724048 0.998590171
1341846240.089841 0.064751171 -0.042246938 0.001929912 0.050168015 -0.012217907 -0.016739076 0.998525739
1341846240.121795 0.065425083 -0.041777950 0.002157526 0.050831389 -0.012872176 -0.017571811 0.998469651
1341846240.159862 0.067431435 -0.045393724 0.000361030 0.051959123 -0.012820008 -0.018415578 0.998397112
1341846240.195884 0.067743860 -0.042237606 -0.001232748 0.053202417 -0.012333577 -0.018267803 0.998340487
1341846240.227927 0.067165315 -0.042596076 -0.004353167 0.053151585 -0.012474974 -0.018484082 0.998337448
1341846240.290031 0.066706143 -0.042055812 0.001964262 0.054523680 -0.012931830 -0.017283648 0.998279154
1341846240.322206 0.067817979 -0.038652871 -0.001052974 0.054740533 -0.013413057 -0.017207429 0.998262286
1341846240.357948 0.068266317 -0.040759955 -0.003251521 0.053530164 -0.014041932 -0.016400039 0.998332798
1341846240.422212 0.062184192 -0.035683952 0.000237656 0.056745060 -0.013102256 -0.018212255 0.998136580
1341846240.458143 0.065137275 -0.035033714 0.000323721 0.056932736 -0.014041508 -0.018437689 0.998108983
1341846240.490243 0.061998453 -0.035817813 -0.000359699 0.056501783 -0.014500386 -0.018641703 0.998123109
1341846240.525976 0.062836483 -0.037966859 0.000054307 0.057119809 -0.015203834 -0.019293103 0.998065114
1341846240.557894 0.058175795 -0.033622757 -0.000223805 0.058877271 -0.014567554 -0.020985626 0.997938275
1341846240.590418 0.060392532 -0.034467686 -0.001291315 0.058850799 -0.015183088 -0.020965355 0.997931123
1341846240.626172 0.059879400 -0.034384415 0.000186169 0.059174567 -0.015655523 -0.021106038 0.997901678
1341846240.657964 0.060807750 -0.035354473 0.000064117 0.059525125 -0.016380632 -0.021364778 0.997863710
1341846240.689825 0.061244320 -0.034758303 0.001325872 0.060565289 -0.016487883 -0.021757158 0.997790873
1341846240.725903 0.060002934 -0.034224059 -0.001576264 0.060317788 -0.016626071 -0.021945743 0.997799456
1341846240.757973 0.060485125 -0.035169732 0.001782518 0.060679942 -0.017173326 -0.021688357 0.997773826
1341846240.794024 0.058386248 -0.037159774 0.000166871 0.061757248 -0.017079055 -0.021555642 0.997712255
1341846240.826068 0.059237577 -0.036190886 -0.001694636 0.062384427 -0.017059626 -0.021601707 0.997672558
1341846240.858147 0.057903472 -0.031440057 -0.002398948 0.062323336 -0.016619090 -0.022618840 0.997661233
1341846240.894038 0.058103751 -0.032630868 -0.002257337 0.061148044 -0.016747788 -0.022154715 0.997742236
1341846240.925975 0.060326204 -0.039437436 -0.003348996 0.059678677 -0.016946502 -0.021752702 0.997836709
1341846240.958080 0.060983870 -0.039877005 -0.007807954 0.059090443 -0.017190577 -0.021112408 0.997881293
1341846240.994099 0.056067333 -0.038224731 -0.006266919 0.059092078 -0.016559886 -0.022132430 0.997869790
1341846241.026041 0.057473186 -0.041492939 -0.004228609 0.059480295 -0.016753729 -0.021749720 0.997851908
1341846241.062449 0.060301468 -0.041935697 -0.004869651 0.059889954 -0.016997829 -0.022748835 0.997800946
1341846241.094372 0.058953378 -0.038798716 -0.006384365 0.059109606 -0.016723974 -0.023127833 0.997843385
1341846241.126068 0.061225288 -0.042660378 -0.004050141 0.058276232 -0.017108481 -0.022781409 0.997893870
1341846241.167863 0.059490643 -0.042077783 -0.003256344 0.059694067 -0.016651595 -0.023001641 0.997812748
1341846241.230127 0.061165303 -0.040554643 -0.004122087 0.059338387 -0.016770098 -0.025065288 0.997782290
1341846241.261868 0.058477651 -0.041526411 -0.003534415 0.059832696 -0.016339757 -0.025473172 0.997749567
1341846241.295211 0.059461549 -0.040303726 -0.005520031 0.060053874 -0.016762173 -0.025622848 0.997725427
1341846241.329804 0.059754986 -0.040445305 -0.005812826 0.059298802 -0.016614696 -0.026560625 0.997748554
1341846241.362000 0.059471402 -0.040074710 -0.007087619 0.059008691 -0.016212786 -0.026929054 0.997762501
1341846241.394012 0.058110971 -0.040973518 -0.004638436 0.058980308 -0.016124062 -0.026753701 0.997770309
1341846241.430126 0.058971114 -0.041790251 -0.004399658 0.059161656 -0.016390799 -0.027078072 0.997746527
1341846241.462018 0.058874220 -0.041404847 -0.006172315 0.059096701 -0.016334020 -0.027182480 0.997748435
1341846241.497907 0.064239725 -0.038381439 -0.004410943 0.059845503 -0.016996238 -0.027104162 0.997694850
1341846241.529930 0.061122727 -0.038210932 -0.006537799 0.059583664 -0.016662955 -0.027281394 0.997711301
1341846241.562493 0.059672944 -0.039669093 -0.005843234 0.058833815 -0.016640367 -0.027444528 0.997751713
1341846241.598412 0.062127952 -0.040236380 -0.006474531 0.059192851 -0.016938010 -0.027661296 0.997719467
1341846241.629998 0.062094051 -0.036763579 -0.007255450 0.059987750 -0.016887609 -0.027161311 0.997686565
1341846241.662234 0.061928231 -0.036753315 -0.006486159 0.060081352 -0.016881850 -0.027248004 0.997678697
1341846241.698098 0.061567586 -0.036924221 -0.008047685 0.060124137 -0.016543768 -0.026947597 0.997689962
1341846241.729805 0.061837114 -0.037420750 -0.007040851 0.059892707 -0.016683972 -0.027147779 0.997696102
1341846241.765805 0.061004668 -0.036857892 -0.006776729 0.060208622 -0.016610274 -0.027508372 0.997668445
1341846241.797970 0.061300255 -0.038492914 -0.006579030 0.060464103 -0.016492831 -0.028128807 0.997637630
1341846241.830240 0.060788475 -0.037934463 -0.007914674 0.060664915 -0.016408099 -0.028120082 0.997627079
1341846241.865867 0.061647374 -0.039746955 -0.006874992 0.060199063 -0.016717305 -0.028288743 0.997645378
1341846241.898156 0.061170131 -0.038651455 -0.006272954 0.060707800 -0.016523365 -0.028139006 0.997622013
1341846241.929917 0.061235234 -0.038389239 -0.009954189 0.061321493 -0.016345233 -0.028312573 0.997582495
1341846241.965882 0.061030935 -0.037705913 -0.011650874 0.060671728 -0.016014775 -0.028458387 0.997623444
1341846241.998017 0.061243828 -0.040140733 -0.005458453 0.060180191 -0.016511023 -0.028187791 0.997652829
1341846242.034019 0.061103582 -0.039308008 -0.008978083 0.060899857 -0.016267732 -0.027794680 0.997624218
1341846242.066365 0.060725633 -0.040014870 -0.005900094 0.061606832 -0.016196253 -0.028804801 0.997553289
1341846242.097916 0.059293181 -0.038528010 -0.007398242 0.062454775 -0.015753344 -0.027194962 0.997552812
1341846242.133980 0.059776332 -0.038826603 -0.005508810 0.063460879 -0.016064910 -0.026783148 0.997495472
1341846242.165895 0.060208224 -0.035818640 -0.010428189 0.064233147 -0.015651457 -0.026768094 0.997453034
1341846242.197924 0.061269950 -0.037770569 -0.009118870 0.064437993 -0.015817802 -0.028367158 0.997393012
1341846242.234487 0.060960691 -0.039578881 -0.005109066 0.065776452 -0.015855860 -0.028033476 0.997314453
1341846242.269588 0.060808774 -0.037860714 -0.009713449 0.066772297 -0.015465171 -0.028048852 0.997254014
1341846242.301972 0.061477706 -0.036761638 -0.013026247 0.066321783 -0.015166605 -0.029021667 0.997260809
1341846242.333996 0.060191952 -0.038490631 -0.007285502 0.066194177 -0.015162564 -0.028211839 0.997292578
1341846242.366000 0.060675174 -0.036888860 -0.010687098 0.067348063 -0.015117911 -0.028156741 0.997217536
1341846242.401903 0.060492396 -0.036917202 -0.010114303 0.067225233 -0.015348315 -0.028294548 0.997218430
1341846242.433933 0.062122181 -0.037168458 -0.010228655 0.067462221 -0.015347379 -0.028808901 0.997187734
1341846242.469883 0.062536456 -0.037617944 -0.009963037 0.068512589 -0.014953975 -0.028878890 0.997120082
1341846242.501972 0.061396744 -0.035557501 -0.012073801 0.069063298 -0.014905680 -0.029171912 0.997074246
1341846242.534063 0.062581018 -0.035606232 -0.011143168 0.068424359 -0.015278871 -0.029817801 0.997093558
1341846242.569931 0.062032703 -0.035994589 -0.010986620 0.068255469 -0.014599564 -0.029692691 0.997119069
1341846242.602000 0.062143181 -0.036229853 -0.011454118 0.068135515 -0.014705991 -0.029084399 0.997143626
1341846242.634077 0.063017584 -0.034988657 -0.015740395 0.067335539 -0.014859623 -0.029142905 0.997193992
1341846242.670215 0.062167592 -0.034576159 -0.014502212 0.066943437 -0.014531476 -0.029162653 0.997224629
1341846242.701929 0.062753893 -0.036284573 -0.012480927 0.066397004 -0.014606729 -0.029186936 0.997259319
1341846242.737996 0.062862441 -0.035145354 -0.013952091 0.066142812 -0.015080006 -0.029060371 0.997272909
1341846242.769937 0.062864803 -0.034593206 -0.013539657 0.066900179 -0.015287952 -0.029564725 0.997204363
1341846242.808080 0.062975377 -0.034835756 -0.013829089 0.067252271 -0.015060890 -0.030329540 0.997161210
1341846242.869936 0.063600950 -0.034728993 -0.014780554 0.065795504 -0.015505687 -0.030596910 0.997243404
1341846242.902131 0.063384950 -0.034646306 -0.014498777 0.065924019 -0.015349892 -0.031039113 0.997223616
1341846242.938061 0.063194983 -0.034847271 -0.014045235 0.066343591 -0.015611324 -0.031128399 0.997188926
1341846242.969969 0.062723033 -0.035646398 -0.012867874 0.067063794 -0.016047526 -0.031575359 0.997119784
1341846243.005810 0.062365267 -0.034866251 -0.014943886 0.067751922 -0.016373526 -0.030929850 0.997088194
1341846243.038095 0.063761793 -0.034415007 -0.015644167 0.067477025 -0.017129844 -0.030428413 0.997109592
1341846243.070041 0.063891917 -0.033660091 -0.019049790 0.066492468 -0.017502079 -0.030939760 0.997153521
1341846243.106059 0.063907564 -0.034704786 -0.015901653 0.065408088 -0.017593022 -0.031901427 0.997193336
1341846243.137899 0.064089343 -0.033968788 -0.016453706 0.066050962 -0.017245736 -0.031617634 0.997166097
1341846243.169985 0.064139843 -0.034066152 -0.016033024 0.066039428 -0.017500844 -0.031178260 0.997176230
1341846243.206007 0.064476199 -0.033459816 -0.017808938 0.065952823 -0.017393403 -0.031944524 0.997159600
1341846243.237999 0.064010561 -0.033671226 -0.018616851 0.064876199 -0.016690131 -0.032918081 0.997210562
1341846243.274026 0.064061776 -0.034290243 -0.016586993 0.064771771 -0.016411534 -0.033316419 0.997208774
1341846243.305879 0.063192613 -0.034741540 -0.015628394 0.065368049 -0.016244538 -0.033623971 0.997162282
1341846243.338022 0.063103512 -0.033152197 -0.017814221 0.066552736 -0.016115319 -0.033679381 0.997084141
1341846243.374348 0.063760884 -0.033878893 -0.017086457 0.067280576 -0.016322775 -0.033394318 0.997041464
1341846243.405837 0.063897684 -0.033581570 -0.018314328 0.067647561 -0.017014148 -0.033265445 0.997009397
1341846243.442193 0.064360633 -0.032456901 -0.021663865 0.067838378 -0.017191963 -0.032982640 0.997002780
1341846243.473902 0.063804664 -0.033335105 -0.018404266 0.068110846 -0.016857442 -0.033636305 0.996968091
1341846243.505839 0.064091317 -0.033452053 -0.019518139 0.067981489 -0.017319622 -0.033576868 0.996971011
1341846243.542001 0.065610610 -0.030952325 -0.024198804 0.068056740 -0.017732741 -0.033862401 0.996948957
1341846243.574058 0.064032264 -0.033096250 -0.020731671 0.067627572 -0.016887106 -0.033222035 0.997014403
1341846243.605841 0.063703313 -0.032868184 -0.019225756 0.068234518 -0.016382648 -0.033285659 0.996979296
1341846243.642015 0.064132579 -0.033423189 -0.019704843 0.068757005 -0.016304959 -0.033225238 0.996946692
1341846243.673926 0.064420931 -0.032643784 -0.020141793 0.068637349 -0.016566230 -0.032789513 0.996965051
1341846243.710095 0.064328939 -0.032738291 -0.020316970 0.068957806 -0.016169809 -0.032877814 0.996946573
1341846243.741951 0.064417280 -0.032947496 -0.021493055 0.068906851 -0.016629983 -0.033205234 0.996931612
1341846243.774067 0.064479731 -0.032696567 -0.022095159 0.068201810 -0.016782062 -0.033785101 0.996958077
1341846243.809881 0.064023919 -0.033146616 -0.019830957 0.067925543 -0.016258238 -0.033417355 0.996998012
1341846243.841971 0.063907780 -0.033480681 -0.019228112 0.068325609 -0.016359044 -0.032755040 0.996991038
1341846243.874062 0.061821561 -0.035788439 -0.026512396 0.068584591 -0.016707189 -0.032331899 0.996981263
1341846243.910022 0.060139112 -0.034658581 -0.029455690 0.069397926 -0.016418766 -0.033124119 0.996903777
1341846243.978045 0.065221764 -0.029091850 -0.029709550 0.069801964 -0.015751634 -0.033292376 0.996880710
1341846244.009892 0.064091533 -0.030513424 -0.024775213 0.069033816 -0.015394193 -0.032659587 0.996960759
1341846244.042105 0.063774653 -0.031183748 -0.021865202 0.069983192 -0.014958265 -0.031825550 0.996928155
1341846244.077884 0.063906610 -0.031160068 -0.022221662 0.070585817 -0.014974101 -0.031419583 0.996898293
1341846244.115904 0.064704627 -0.030142903 -0.025175674 0.069936551 -0.015181377 -0.031148024 0.996949434
1341846244.151850 0.058196031 -0.037270516 -0.021711998 0.068397328 -0.013910008 -0.032111846 0.997044206
1341846244.184334 0.059352085 -0.036150265 -0.025238259 0.069539897 -0.013966596 -0.030996079 0.996999681
1341846244.215953 0.058841545 -0.035628475 -0.027207380 0.069434807 -0.013788346 -0.031165441 0.997004211
1341846244.251877 0.060560811 -0.035172231 -0.027975468 0.068709806 -0.014224624 -0.031240022 0.997045994
1341846244.283880 0.060259245 -0.034303248 -0.030652653 0.069870256 -0.014269701 -0.030701242 0.996981442
1341846244.316068 0.060882498 -0.034262139 -0.029806009 0.070328236 -0.014718736 -0.031374950 0.996921718
1341846244.351999 0.060645696 -0.033912841 -0.031680245 0.070162706 -0.015041375 -0.030872926 0.996944249
1341846244.384040 0.060440421 -0.033769865 -0.031767901 0.070577860 -0.015626948 -0.029935183 0.996934533
1341846244.419869 0.065991752 -0.032408763 -0.026396219 0.071149491 -0.016227139 -0.029815461 0.996887863
1341846244.451888 0.066478580 -0.031592533 -0.028929399 0.070445284 -0.015626691 -0.030632960 0.996922672
1341846244.483871 0.065820664 -0.032025088 -0.027257750 0.069358133 -0.014879369 -0.030649306 0.997009814
1341846244.519923 0.061324615 -0.034130562 -0.027900115 0.069305718 -0.013538563 -0.030626353 0.997033298
1341846244.551942 0.065645151 -0.033658080 -0.024274308 0.070395045 -0.013359383 -0.029892676 0.996981680
1341846244.583892 0.065482013 -0.033792209 -0.024243753 0.070739962 -0.012639381 -0.027826799 0.997026443
1341846244.619870 0.064633176 -0.032234591 -0.023095788 0.070811614 -0.012439793 -0.026109133 0.997070312
1341846244.651850 0.063867606 -0.033432998 -0.021912219 0.071358122 -0.011992278 -0.025276909 0.997058332
1341846244.683815 0.068978429 -0.031701460 -0.024939768 0.072368488 -0.012649012 -0.023869019 0.997012079
1341846244.719873 0.067920208 -0.033258922 -0.025126345 0.071769953 -0.011811086 -0.023931324 0.997064114
1341846244.751827 0.068385586 -0.034289930 -0.023950346 0.071499735 -0.011223419 -0.024269955 0.997082114
1341846244.788300 0.068030350 -0.034193430 -0.022995111 0.072505206 -0.010645168 -0.024466749 0.997011065
1341846244.820099 0.067894936 -0.032210231 -0.021655165 0.073564127 -0.009982223 -0.025427505 0.996916294
1341846244.851973 0.078369424 -0.044108324 -0.024008894 0.073714711 -0.010651146 -0.023448963 0.996946752
1341846244.887873 0.067257404 -0.033891596 -0.025475616 0.076772884 -0.007667801 -0.025025258 0.996704996
1341846244.920072 0.075482756 -0.035284776 -0.025989227 0.076763801 -0.007759222 -0.024624217 0.996715009
1341846244.952621 0.075991824 -0.037964717 -0.023157449 0.077152796 -0.006967577 -0.023782341 0.996711254
1341846244.987985 0.073512569 -0.033807013 -0.021025661 0.078376055 -0.006021353 -0.022535015 0.996650934
1341846245.020060 0.084232219 -0.029011544 -0.021575529 0.078038372 -0.007369611 -0.021181954 0.996698081
1341846245.051869 0.082441054 -0.032031886 -0.020821560 0.076019667 -0.006194522 -0.022347163 0.996836603
1341846245.088236 0.074076846 -0.033747192 -0.022979444 0.074699908 -0.004447012 -0.022879155 0.996933639
1341846245.119935 0.077693298 -0.038114261 -0.022091687 0.073927566 -0.004525892 -0.022853680 0.996991396
1341846245.151835 0.076737724 -0.037303571 -0.020527499 0.074296631 -0.004235373 -0.023269365 0.996955693
1341846245.187889 0.083310381 -0.043616116 -0.025656030 0.074151114 -0.005066806 -0.022773946 0.996974051
1341846245.219842 0.083242774 -0.035022620 -0.022309653 0.075260453 -0.005226420 -0.022379292 0.996899068
1341846245.256030 0.075990543 -0.032737501 -0.018515134 0.074984439 -0.003807699 -0.023888735 0.996891260
1341846245.287962 0.073764563 -0.033946980 -0.017779080 0.074600287 -0.003181652 -0.024784060 0.996900439
1341846245.319885 0.072313122 -0.034729641 -0.015215988 0.074425399 -0.003015839 -0.026117703 0.996879935
1341846245.355859 0.078379020 -0.032480713 -0.020435816 0.074527599 -0.004455595 -0.025501871 0.996882856
1341846245.387919 0.075335212 -0.039356451 -0.019238601 0.073559090 -0.004183091 -0.026019147 0.996942639
1341846245.423977 0.066831462 -0.031202210 -0.016853670 0.075099699 -0.002815517 -0.027575795 0.996790648
1341846245.455822 0.067268260 -0.035620879 -0.021647807 0.074882329 -0.002695035 -0.028374998 0.996784925
1341846245.487804 0.069055334 -0.036142204 -0.019142985 0.075271867 -0.003225148 -0.027102863 0.996789396
1341846245.523916 0.072600596 -0.036958855 -0.021480618 0.075137712 -0.003748869 -0.027039299 0.996799409
1341846245.555797 0.071983889 -0.036546476 -0.021595707 0.075136490 -0.003395147 -0.027157642 0.996797562
1341846245.591988 0.071206413 -0.040794574 -0.021414047 0.075297363 -0.003464717 -0.027205335 0.996783853
1341846245.623837 0.065002494 -0.037130140 -0.019301007 0.076968729 -0.002894595 -0.026329149 0.996681511
1341846245.655890 0.073436640 -0.036023229 -0.019898273 0.077231310 -0.003874347 -0.025970779 0.996667325
1341846245.692060 0.070913821 -0.037506148 -0.021573108 0.076500237 -0.002669309 -0.027351463 0.996690750
1341846245.724517 0.074395478 -0.043160409 -0.017336622 0.076090783 -0.003107734 -0.026370466 0.996747255
1341846245.760068 0.073423140 -0.042190854 -0.018162446 0.077371366 -0.002972721 -0.026214236 0.996653199
1341846245.791914 0.069911383 -0.036534220 -0.015080916 0.078405440 -0.002038988 -0.026567260 0.996565402
1341846245.824142 0.079068355 -0.038509879 -0.015183031 0.077590145 -0.002861604 -0.025219845 0.996662199
1341846245.860005 0.070227243 -0.035633154 -0.010161089 0.077479206 -0.001100690 -0.025447747 0.996668518
1341846245.891878 0.066439353 -0.035345558 -0.012020243 0.076661907 -0.000223645 -0.025950011 0.996719360
1341846245.927903 0.067460306 -0.039731551 -0.012732820 0.076620162 0.000232415 -0.026280962 0.996713877
1341846245.986182 0.061572045 -0.038050808 -0.011462382 0.077541240 0.000950198 -0.026234413 0.996643484
1341846246.022057 0.061949510 -0.037809242 -0.010833662 0.078315601 0.000780235 -0.026201604 0.996583879
1341846246.053871 0.062259667 -0.039338455 -0.011381135 0.079348013 0.000491777 -0.025825664 0.996512234
1341846246.085916 0.064327456 -0.037417568 -0.012114979 0.080997467 -0.000871668 -0.025001500 0.996400297
1341846246.121806 0.063135989 -0.035869479 -0.014110132 0.081860319 -0.001933909 -0.025547335 0.996314406
1341846246.153949 0.061478365 -0.037706837 -0.012152014 0.082470469 -0.001817230 -0.027272472 0.996218562
1341846246.222002 0.063655265 -0.036195036 -0.013679356 0.082632251 -0.002070472 -0.029603057 0.996138155
1341846246.253984 0.062269598 -0.039094023 -0.013329451 0.082339592 -0.001987371 -0.031315468 0.996110201
1341846246.289808 0.063220769 -0.037590325 -0.013745177 0.083656572 -0.001660791 -0.032017864 0.995978713
1341846246.322001 0.064573169 -0.034586415 -0.015213039 0.083250649 -0.000827063 -0.033316001 0.995971203
1341846246.353946 0.064868130 -0.034900401 -0.014040092 0.081495292 0.000081825 -0.034637529 0.996071637
1341846246.389885 0.062888786 -0.037316114 -0.014990417 0.080145255 0.001218630 -0.034433663 0.996187449
1341846246.421855 0.062658511 -0.037397925 -0.012973801 0.080592960 0.001707315 -0.032940540 0.996201158
1341846246.457915 0.064344734 -0.034695417 -0.013445954 0.080171056 0.001459175 -0.030150533 0.996323943
1341846246.489829 0.063637793 -0.036135927 -0.014789898 0.078884356 0.002523648 -0.028945675 0.996460259
1341846246.521912 0.065378480 -0.033094577 -0.015355285 0.078196071 0.004137143 -0.028826389 0.996512532
1341846246.558038 0.064052932 -0.035893295 -0.014044251 0.077270590 0.005788146 -0.029257670 0.996563971
1341846246.589826 0.062595181 -0.035605073 -0.012973787 0.077860206 0.006446067 -0.028430523 0.996537983
1341846246.622033 0.063221507 -0.034963980 -0.012924678 0.078113273 0.006158749 -0.025240486 0.996605873
1341846246.658046 0.064039901 -0.033976473 -0.013944069 0.077608690 0.005546985 -0.024781389 0.996660411
1341846246.689939 0.062245958 -0.035287987 -0.014116127 0.077073611 0.005157586 -0.025512526 0.996685624
1341846246.725903 0.062893674 -0.035748810 -0.013310856 0.076783121 0.004764426 -0.026040614 0.996696293
1341846246.757894 0.065031804 -0.032944538 -0.015123259 0.076551564 0.004589808 -0.026903510 0.996692002
1341846246.789989 0.062940352 -0.034858059 -0.013738022 0.075529486 0.004938471 -0.027929714 0.996740103
1341846246.826059 0.061501477 -0.036578063 -0.010319062 0.075485080 0.004685114 -0.027211815 0.996764541
1341846246.857869 0.062253006 -0.037050255 -0.009899547 0.076502949 0.004221804 -0.027706811 0.996675372
1341846246.893944 0.063641831 -0.035071593 -0.015818423 0.076580331 0.003536405 -0.027292687 0.996683538
1341846246.925896 0.063216299 -0.037338413 -0.011207205 0.075631909 0.002776590 -0.027234424 0.996759951
1341846246.958090 0.063389100 -0.035255138 -0.012567812 0.075975813 0.002793191 -0.026008723 0.996766508
1341846246.993936 0.064669691 -0.036256302 -0.012105691 0.075683728 0.002436829 -0.027500484 0.996749580
1341846247.026204 0.064621598 -0.037879787 -0.011026334 0.075512961 0.002285470 -0.029312372 0.996711254
1341846247.057936 0.062494259 -0.036927152 -0.008324436 0.076672763 0.002288629 -0.029798886 0.996608257
1341846247.093899 0.062020022 -0.036578644 -0.008688231 0.077533253 0.001967648 -0.029477103 0.996551931
1341846247.126028 0.063602641 -0.037143700 -0.009850029 0.077134348 0.001038382 -0.028935175 0.996600211
1341846247.162093 0.062553234 -0.038750276 -0.005604361 0.078095481 0.001171680 -0.027968930 0.996552765
1341846247.194072 0.061275031 -0.038745862 -0.005282937 0.081207693 0.002551910 -0.026074022 0.996352792
1341846247.225977 0.062626302 -0.040516108 -0.003880510 0.081914917 0.002369771 -0.023970867 0.996348202
1341846247.261953 0.063557751 -0.036717851 -0.006406854 0.085968375 0.002962438 -0.024611874 0.995989382
1341846247.293957 0.062044978 -0.041298520 -0.004532644 0.089399092 0.004168537 -0.024538316 0.995684803
1341846247.325987 0.061825722 -0.037517395 -0.009029280 0.090401292 0.003594488 -0.023885120 0.995612442
1341846247.361940 0.063518956 -0.037757676 -0.011020119 0.088074401 0.002096280 -0.023516256 0.995834053
1341846247.430187 0.061805986 -0.035545211 -0.007957975 0.084149726 0.001641845 -0.024834245 0.996142268
1341846247.462223 0.064438015 -0.040598415 -0.002807244 0.083112352 0.000366973 -0.025469825 0.996214569
1341846247.493952 0.066321604 -0.037539814 -0.006445343 0.083856948 -0.000073799 -0.026206702 0.996133149
1341846247.530027 0.067954265 -0.041078009 0.000739975 0.084386908 -0.000237759 -0.026027013 0.996093094
1341846247.562209 0.070621036 -0.044056784 -0.001046501 0.086514167 -0.000238055 -0.024351489 0.995952904
1341846247.594166 0.070346817 -0.035777677 -0.001331972 0.088787079 -0.000453795 -0.023315644 0.995777607
1341846247.630035 0.069719695 -0.036189187 -0.003784163 0.086897820 -0.001337416 -0.023421675 0.995940983
1341846247.662701 0.075878918 -0.038695548 0.002299744 0.085967541 -0.002290306 -0.022107955 0.996049941
1341846247.697913 0.070913769 -0.036764666 -0.001319530 0.087045953 -0.001053274 -0.021111501 0.995980024
1341846247.730051 0.069979697 -0.039507199 -0.000349572 0.085188687 -0.001993311 -0.020207608 0.996157885
1341846247.762180 0.074047975 -0.043005839 0.004396835 0.085884579 -0.002807920 -0.018384835 0.996131480
1341846247.798768 0.073946588 -0.036631364 0.000770883 0.088372223 -0.002302243 -0.016488984 0.995948374
1341846247.830259 0.076247685 -0.030205561 0.002729592 0.087739810 -0.003029239 -0.016091382 0.996008813
1341846247.865875 0.078245148 -0.040400941 0.003727394 0.084989585 -0.003075123 -0.017019454 0.996231675
1341846247.898157 0.078716502 -0.045824457 0.007371294 0.087018974 -0.001908493 -0.015924957 0.996077538
1341846247.930002 0.071420677 -0.037637975 -0.001077269 0.088494621 -0.002581417 -0.015529183 0.995952249
1341846247.966006 0.074898541 -0.041382696 0.006492837 0.087398723 -0.005232712 -0.014399085 0.996055603
1341846247.998062 0.077547558 -0.045133255 0.008799758 0.089208849 -0.004983519 -0.013855904 0.995904148
1341846248.030615 0.078912854 -0.040777732 0.005807809 0.090949200 -0.004789705 -0.014672990 0.995735943
1341846248.065891 0.078992344 -0.030765325 0.007809200 0.090766899 -0.004776013 -0.014795830 0.995750785
1341846248.098211 0.087983474 -0.043125566 0.004176647 0.088693976 -0.004485197 -0.015966121 0.995920837
1341846248.133929 0.084829204 -0.040258095 0.003905939 0.090770595 -0.000196440 -0.018824231 0.995693862
1341846248.166050 0.081791632 -0.029067472 0.006872945 0.091137074 0.002269439 -0.019850971 0.995637953
1341846248.198024 0.078309417 -0.040242918 0.010339470 0.088699698 0.002157777 -0.021200636 0.995830417
1341846248.233930 0.082704581 -0.044465415 0.005411364 0.090179622 0.002235352 -0.020419503 0.995713651
1341846248.265968 0.079075307 -0.030100748 0.011152603 0.092308186 0.003311963 -0.022480842 0.995471120
1341846248.297927 0.080677845 -0.032991491 0.012423581 0.089650325 0.002541278 -0.024195358 0.995676100
1341846248.333956 0.083280310 -0.042815793 0.010414251 0.089095786 0.001924007 -0.026297890 0.995673954
1341846248.366013 0.078683972 -0.040792681 0.012737196 0.090949923 0.002507571 -0.026579455 0.995497525
1341846248.402093 0.074681789 -0.037179504 0.013332372 0.090919286 0.002116072 -0.026556235 0.995501816
1341846248.433862 0.083540604 -0.043588925 0.013523856 0.090278201 0.000839557 -0.026234744 0.995570600
1341846248.466804 0.082033277 -0.035266463 0.013048713 0.092205234 0.002450831 -0.027549108 0.995355844
1341846248.502139 0.072670236 -0.027491571 0.012603248 0.090755828 0.003297001 -0.028404050 0.995462537
1341846248.534215 0.072126798 -0.040410366 0.015651224 0.087370634 0.001105135 -0.027492557 0.995795786
1341846248.565971 0.082926981 -0.039711434 0.015254041 0.089412242 -0.000249194 -0.026560059 0.995640457
1341846248.602003 0.079857476 -0.030123401 0.013474518 0.089108318 0.001227343 -0.028100617 0.995624661
1341846248.640295 0.078886978 -0.042118780 0.016425185 0.086863033 0.001331259 -0.027589604 0.995837271
1341846248.675831 0.083417356 -0.043164197 0.017035827 0.089806996 0.001385090 -0.026777143 0.995598197
1341846248.708095 0.082262151 -0.038029771 0.016427262 0.091510668 0.002459198 -0.027001906 0.995434880
1341846248.740085 0.076914363 -0.041753419 0.016920542 0.090610534 0.002931582 -0.027667986 0.995497644
1341846248.802167 0.077899441 -0.039398201 0.014527438 0.093682967 0.002424719 -0.028010590 0.995204985
1341846248.833950 0.075365931 -0.043828312 0.017194862 0.092767440 0.002404297 -0.028199868 0.995285451
1341846248.869901 0.076088399 -0.048382491 0.015890526 0.093693212 0.002019467 -0.027398871 0.995221972
1341846248.901932 0.081891157 -0.045246046 0.015251664 0.095625348 0.001610312 -0.027209397 0.995044112
1341846248.938035 0.074656673 -0.040200721 0.014789730 0.095736325 0.002517269 -0.027922772 0.995011806
1341846248.969908 0.073929913 -0.042670775 0.015203255 0.094532132 0.002031510 -0.028118135 0.995122552
1341846249.001964 0.075900674 -0.040846590 0.017033437 0.094456494 0.001744862 -0.027854364 0.995137691
1341846249.037998 0.072008915 -0.038783759 0.012998826 0.094603680 0.002201543 -0.027156185 0.995142102
1341846249.069961 0.076798990 -0.038636096 0.016776683 0.093201309 0.000440241 -0.025661159 0.995316446
1341846249.105888 0.083981603 -0.039671246 0.017093273 0.093224309 0.000383209 -0.025666783 0.995314181
1341846249.138041 0.078625739 -0.037390918 0.016638754 0.093392633 0.002009329 -0.025298554 0.995305896
1341846249.169904 0.078043945 -0.040347666 0.018768284 0.093080506 0.002085597 -0.024330106 0.995359063
1341846249.206013 0.083446048 -0.040896270 0.017452653 0.094635159 0.001988578 -0.023416169 0.995234609
1341846249.237872 0.082732193 -0.035722710 0.015959356 0.095020682 0.003425316 -0.023913972 0.995182097
1341846249.306095 0.086147383 -0.047022022 0.017545121 0.093234517 0.003590011 -0.023868788 0.995351553
1341846249.337853 0.086720392 -0.040384259 0.015702954 0.094832689 0.004812150 -0.023704974 0.995199323
1341846249.373854 0.090151630 -0.033064950 0.018036691 0.094078965 0.004595924 -0.023732897 0.995271206
1341846249.405928 0.091208428 -0.043349855 0.015943274 0.092173502 0.005699260 -0.024925835 0.995414615
1341846249.437945 0.090755127 -0.044432189 0.015148439 0.092904001 0.007367486 -0.025686642 0.995316446
1341846249.474182 0.089984693 -0.038562682 0.017381571 0.092919998 0.007398718 -0.025285568 0.995324969
1341846249.505956 0.090798676 -0.042732734 0.017643927 0.091251060 0.007236171 -0.025270753 0.995480955
1341846249.538288 0.090594247 -0.042193927 0.018542141 0.091280431 0.007641422 -0.025507735 0.995469153
1341846249.574263 0.087074816 -0.038730934 0.019054275 0.090887457 0.008033965 -0.025156215 0.995510936
1341846249.606015 0.088657394 -0.041580707 0.019985823 0.089074872 0.006757248 -0.022530006 0.995747149
1341846249.641995 0.087042995 -0.042601515 0.019743027 0.089325935 0.005725462 -0.021030260 0.995763958
1341846249.674108 0.089174278 -0.031424068 0.017068062 0.089322247 0.004460753 -0.019311141 0.995805562
1341846249.706034 0.090967543 -0.034828380 0.019239401 0.086319007 0.003361912 -0.018940700 0.996081829
1341846249.742012 0.091473103 -0.042924333 0.020090614 0.085145794 0.001764853 -0.017531596 0.996212721
1341846249.773906 0.086085595 -0.037645444 0.017387481 0.086207770 0.000164367 -0.014349137 0.996173859
1341846249.806093 0.091624558 -0.035949163 0.019204507 0.085320123 -0.003556455 -0.011515216 0.996280670
1341846249.842148 0.091198899 -0.035926431 0.020671317 0.084811293 -0.005105020 -0.010668613 0.996326804
1341846249.873923 0.090785399 -0.037854016 0.020788053 0.084342338 -0.007298099 -0.008838847 0.996370912
1341846249.909991 0.087558940 -0.033770666 0.021120265 0.084461190 -0.010441691 -0.005998842 0.996354043
1341846249.942024 0.088495992 -0.030037753 0.026247909 0.084980123 -0.013350553 -0.005153996 0.996279836
1341846249.974199 0.093081780 -0.028820112 0.023850439 0.085387245 -0.014943566 -0.005686948 0.996219516
1341846250.010384 0.091619067 -0.027813490 0.021240646 0.085268408 -0.016365843 -0.005482499 0.996208549
1341846250.042022 0.092470475 -0.030865496 0.022177394 0.084989339 -0.018650357 -0.003866637 0.996199787
1341846250.078047 0.100549333 -0.028299268 0.023632701 0.087015614 -0.019132296 -0.003635402 0.996016562
1341846250.109945 0.100019112 -0.019354278 0.021497106 0.087569535 -0.017342044 -0.004979080 0.995994985
1341846250.141849 0.103551164 -0.024131956 0.022030087 0.084903568 -0.016476680 -0.005017524 0.996240318
1341846250.177803 0.113217771 -0.027725942 0.019125460 0.084853262 -0.014855986 -0.004679711 0.996271729
1341846250.210137 0.110915624 -0.018214500 0.019296685 0.086405732 -0.010791578 -0.006213907 0.996182203
1341846250.241903 0.106551595 -0.018457087 0.019473020 0.085321695 -0.007734688 -0.009763127 0.996275604
1341846250.277878 0.106277928 -0.017374145 0.017195534 0.084841631 -0.006548367 -0.010934317 0.996312916
1341846250.309873 0.103521280 -0.018238060 0.018137360 0.083999626 -0.005869058 -0.011030162 0.996387482
1341846250.346142 0.105249211 -0.020643473 0.017600900 0.084069818 -0.006572530 -0.011703173 0.996369481
1341846250.377944 0.104663156 -0.019257125 0.019861680 0.084631607 -0.006339411 -0.010775446 0.996333897
1341846250.410038 0.105973646 -0.022323053 0.019882424 0.085051246 -0.006920378 -0.010936592 0.996292531
1341846250.445984 0.106064521 -0.021309221 0.019540090 0.085966758 -0.006754062 -0.011784432 0.996205389
1341846250.477872 0.102203920 -0.015939789 0.018445071 0.086084947 -0.006540603 -0.011744413 0.996197104
1341846250.509930 0.100997515 -0.024505958 0.019127011 0.084848419 -0.008671010 -0.010115025 0.996304810
1341846250.546119 0.108706646 -0.017739775 0.020593470 0.086421423 -0.010474522 -0.010059203 0.996152818
1341846250.577998 0.109898411 -0.015556581 0.024572499 0.085197933 -0.010031991 -0.010551303 0.996257663
1341846250.613828 0.103274114 -0.020926164 0.026413558 0.083213329 -0.009002026 -0.009465364 0.996446133
1341846250.646114 0.107569113 -0.020234549 0.025421048 0.083876252 -0.009803206 -0.006735979 0.996405184
1341846250.677812 0.108974926 -0.017344747 0.025213204 0.083571285 -0.009530270 -0.005078489 0.996443272
1341846250.713958 0.109015591 -0.016239924 0.026588386 0.082223065 -0.008580820 -0.004128214 0.996568441
1341846250.745904 0.103814185 -0.016654611 0.023378199 0.081429735 -0.007760154 -0.002605174 0.996645451
1341846250.777886 0.105182610 -0.017182874 0.024780745 0.080648296 -0.009920854 0.000037973 0.996693254
1341846250.814024 0.109092832 -0.014297685 0.025726007 0.080429628 -0.010973083 -0.000116196 0.996699870
1341846250.846025 0.110347316 -0.014979145 0.024828846 0.078698196 -0.010770276 -0.001333643 0.996839404
1341846250.881824 0.106626242 -0.023538372 0.027557066 0.078442991 -0.010671592 -0.000900694 0.996861100
1341846250.913808 0.108015962 -0.017891891 0.025435206 0.081229828 -0.010614419 -0.000753487 0.996638596
1341846250.946118 0.107257649 -0.022298787 0.024654675 0.081241839 -0.009767481 -0.001811044 0.996644914
1341846250.981803 0.105951853 -0.018295826 0.023783984 0.082538083 -0.009668196 -0.001893634 0.996539235
1341846251.014047 0.102952577 -0.021195557 0.025107538 0.082127817 -0.010727441 -0.003527301 0.996557832
1341846251.046033 0.108234465 -0.025019377 0.023078958 0.082582794 -0.012022841 -0.004000151 0.996503651
1341846251.081959 0.109606996 -0.023887519 0.024731455 0.084390998 -0.011691111 -0.004268749 0.996354997
1341846251.114058 0.113007389 -0.025013756 0.022939157 0.085993528 -0.011438676 -0.004704215 0.996218920
1341846251.149920 0.111997038 -0.022786116 0.020856235 0.087534927 -0.010961217 -0.005280754 0.996087134
1341846251.181983 0.113989785 -0.025719816 0.020376436 0.087874882 -0.010059682 -0.006690684 0.996058285
1341846251.214205 0.106693931 -0.023680720 0.018910248 0.089039303 -0.009675712 -0.006729284 0.995958388
1341846251.249978 0.103699870 -0.024929082 0.020805256 0.088808693 -0.011358107 -0.005537173 0.995968521
1341846251.281923 0.107579201 -0.024738990 0.020205257 0.089853399 -0.013282273 -0.006094303 0.995847762
1341846251.318026 0.105168656 -0.018831313 0.019966112 0.089762934 -0.014311552 -0.006863886 0.995836675
1341846251.350003 0.100712299 -0.020940982 0.018558776 0.087443158 -0.016109969 -0.006825683 0.996015847
1341846251.382003 0.102978639 -0.026419593 0.020213699 0.087347798 -0.018337021 -0.006798170 0.995985866
1341846251.417971 0.102105260 -0.015822763 0.019723766 0.088363551 -0.018932587 -0.007911189 0.995876908
1341846251.449878 0.098731697 -0.009927689 0.023426784 0.086370043 -0.019335704 -0.009352155 0.996031582
1341846251.481872 0.094865546 -0.013152294 0.023248008 0.083759539 -0.020725822 -0.009439209 0.996225715
1341846251.517870 0.096967943 -0.011570967 0.025383584 0.082420610 -0.022607751 -0.008397073 0.996305764
1341846251.549884 0.098947033 -0.011530329 0.028629392 0.080739453 -0.023091502 -0.008798083 0.996428907
1341846251.586071 0.097356468 -0.016467039 0.028933279 0.079618789 -0.022552686 -0.007743500 0.996540129
1341846251.618241 0.096060343 -0.017332129 0.029281389 0.080228075 -0.023185370 -0.006190697 0.996487617
1341846251.649917 0.102068216 -0.017029976 0.026192108 0.081172131 -0.023077928 -0.006373989 0.996412456
1341846251.686034 0.102997348 -0.015187575 0.028983548 0.081961706 -0.020750530 -0.007885047 0.996388197
1341846251.718103 0.099090762 -0.016164476 0.029164702 0.081788361 -0.019424196 -0.008731112 0.996422172
1341846251.749907 0.096717745 -0.015876010 0.031879548 0.082271799 -0.019808140 -0.007918845 0.996381581
